0.371297
0.13104
0.046324
0.0287439
0.03077
0.0326995
0.0343519
0.0355886
0.0354618
0.0327195
0.0320031
0.0274582
0.0258139
0.021938
0.0202741
0.0158707
0.0148955
0.0129152
0.0100021
0.0086708
0.00692685
0.00570826
0.00454402
0.00386704
0.00283593
0.00219313
0.00155964
0.00125511
0.000840743
0.000550983
0.000383404
0.000224962
0.000130747
6.83858e-05
3.51941e-05
1.92488e-05
9.76944e-06
5.12983e-06
2.88122e-06

0.330408
0.464873
0.0944271
0.0205696
0.0075676
0.00607108
0.00647718
0.0066585
0.00694295
0.00637091
0.00646337
0.00584209
0.00568569
0.00508024
0.0045691
0.00373683
0.00340708
0.00302308
0.00237441
0.00201091
0.00160729
0.00137686
0.00103968
0.000951932
0.000685133
0.000537335
0.000395206
0.000294652
0.00020752
0.000129032
9.98241e-05
5.17957e-05
3.03947e-05
1.73205e-05
8.33145e-06
4.59326e-06
2.54899e-06
1.21296e-06
7.58817e-07

0.0315898
0.426332
0.421226
0.0735928
0.0141492
0.00353443
0.00238607
0.00236374
0.00250698
0.00235302
0.00236113
0.00214065
0.00216875
0.00191851
0.00187645
0.00167441
0.00141956
0.00118287
0.0010408
0.000911124
0.000748739
0.000585897
0.000446937
0.000412205
0.00028838
0.000228996
0.000179609
0.000136895
9.03987e-05
6.23761e-05
4.187e-05
2.24881e-05
1.17296e-05
7.04874e-06
3.83471e-06
2.04085e-06
1.08422e-06
4.84505e-07
3.09178e-07

0.000171389
0.0549532
0.468687
0.37626
0.0646034
0.0112282
0.00294876
0.00184077
0.00189809
0.00183415
0.00189936
0.00167966
0.00172212
0.00148699
0.00137778
0.001272
0.00113586
0.000923083
0.000830414
0.000685438
0.000627152
0.000441034
0.000348336
0.0003095
0.000229758
0.000180126
0.000143913
9.54917e-05
6.59647e-05
4.93813e-05
3.45333e-05
1.70962e-05
8.91564e-06
5.48907e-06
2.85663e-06
1.47276e-06
6.99054e-07
3.75004e-07
2.34694e-07

2.72938e-08
0.000607958
0.082857
0.487717
0.341873
0.0574245
0.0101625
0.00261422
0.00169718
0.00151313
0.00161402
0.00150047
0.00137806
0.00132703
0.00116492
0.00102543
0.00103249
0.000865025
0.000738682
0.000627591
0.000526384
0.000388949
0.000316717
0.000264169
0.000208447
0.000180104
0.000124342
8.63674e-05
5.70994e-05
4.24686e-05
3.00709e-05
1.50156e-05
8.90694e-06
4.85346e-06
2.5213e-06
1.25004e-06
6.33083e-07
3.55386e-07
1.97013e-07

9.28535e-14
3.44794e-07
0.00170537
0.114306
0.498786
0.305483
0.0549834
0.00899634
0.0023115
0.00143133
0.00139307
0.00131721
0.00116151
0.00112139
0.00101039
0.00093441
0.000884971
0.00077882
0.000674692
0.00057813
0.000477903
0.000381163
0.000310223
0.000254451
0.000200499
0.000173784
0.000113793
7.87831e-05
5.55773e-05
4.04937e-05
2.55118e-05
1.34245e-05
8.86405e-06
4.03357e-06
2.37709e-06
1.17949e-06
5.34509e-07
3.07156e-07
1.75631e-07

0
7.68427e-12
2.80164e-06
0.00400536
0.1501
0.48688
0.287497
0.0501067
0.0079938
0.00206755
0.00143142
0.00120697
0.00113672
0.00103917
0.000925955
0.000855032
0.000803983
0.000715834
0.000601124
0.000540822
0.000457078
0.000391275
0.000297296
0.000243796
0.000199264
0.0001649
0.000112798
7.11094e-05
5.68124e-05
4.08858e-05
2.50671e-05
1.32271e-05
8.28905e-06
3.88394e-06
2.21287e-06
1.13867e-06
5.02968e-07
2.86372e-07
1.84272e-07

0
0
2.87711e-10
1.56522e-05
0.00813648
0.175936
0.488916
0.262201
0.0460447
0.00714121
0.00203149
0.00121967
0.00109317
0.00102316
0.00088244
0.000806359
0.000763305
0.000692067
0.000536872
0.000518833
0.00043988
0.000385088
0.000287525
0.000234607
0.000200463
0.00015656
0.000111493
7.28472e-05
5.71587e-05
4.06105e-05
2.53689e-05
1.35985e-05
7.93342e-06
3.99492e-06
1.98943e-06
1.09025e-06
5.37494e-07
2.86916e-07
1.80302e-07

0
0
1.5626e-15
5.49666e-09
6.36898e-05
0.0130598
0.209809
0.478328
0.239676
0.0422255
0.00679164
0.00182782
0.00110662
0.00099838
0.000863953
0.000769898
0.000697653
0.000665422
0.000525122
0.00050801
0.000438009
0.000385311
0.000299869
0.000242455
0.000202105
0.000160545
0.000116784
8.35408e-05
5.71232e-05
4.05034e-05
2.53727e-05
1.40443e-05
8.56847e-06
4.39312e-06
2.11954e-06
1.14016e-06
5.49556e-07
3.02366e-07
1.69426e-07

0
0
0
1.54917e-13
5.98963e-08
0.000169805
0.0211081
0.24031
0.463878
0.217798
0.0414631
0.00633364
0.00168771
0.0010679
0.000907424
0.000742856
0.000665615
0.000653288
0.000544596
0.000499488
0.000454423
0.000392342
0.000315266
0.000264258
0.000205619
0.000167087
0.000124022
8.91065e-05
5.82448e-05
3.98907e-05
2.70641e-05
1.49307e-05
9.10108e-06
4.80676e-06
2.26344e-06
1.1566e-06
5.74388e-07
3.28525e-07
1.67598e-07

0
0
0
0
6.07531e-12
3.3167e-07
0.000439426
0.0313311
0.267067
0.437456
0.210425
0.0392421
0.00595721
0.00162587
0.00102961
0.000782312
0.000705446
0.000652475
0.000541297
0.000492131
0.000454037
0.000394904
0.000333378
0.000289546
0.000215796
0.000173255
0.000128399
9.46561e-05
6.41789e-05
4.12169e-05
2.88321e-05
1.54891e-05
9.21739e-06
4.96742e-06
2.51645e-06
1.20351e-06
6.13051e-07
3.516e-07
1.73821e-07

0
0
0
0
1.84116e-17
8.77757e-11
1.65468e-06
0.000961285
0.0433405
0.27702
0.431739
0.196719
0.0369771
0.00588116
0.00155392
0.000922627
0.000799526
0.000672242
0.000552517
0.000497556
0.000448688
0.000394143
0.000349101
0.000317456
0.000233244
0.000186179
0.000142141
0.000105596
7.049e-05
4.57635e-05
3.18381e-05
1.62933e-05
9.98123e-06
5.33645e-06
2.79416e-06
1.34986e-06
6.55528e-07
3.79491e-07
1.85267e-07

0
0
0
0
0
2.80791e-15
1.02432e-09
6.20713e-06
0.0018394
0.0526887
0.297851
0.416109
0.182276
0.0368737
0.00553635
0.00147896
0.000921962
0.000731031
0.000604942
0.000533912
0.000455822
0.000419083
0.000365298
0.000347874
0.000262209
0.000208397
0.0001637
0.00011983
7.61828e-05
5.25217e-05
3.68374e-05
1.86535e-05
1.15047e-05
6.11301e-06
3.01879e-06
1.51935e-06
7.34747e-07
4.17633e-07
2.11241e-07

0
0
0
0
0
0
9.84611e-14
7.76722e-09
1.87112e-05
0.00285367
0.066541
0.314017
0.392739
0.177217
0.0347996
0.005389
0.00148367
0.000880688
0.00069292
0.000589467
0.000485668
0.000452023
0.000376051
0.000372275
0.000298997
0.000237075
0.000185684
0.000131933
8.53858e-05
6.07085e-05
4.3181e-05
2.19319e-05
1.36897e-05
6.95034e-06
3.36617e-06
1.758e-06
8.69375e-07
4.71482e-07
2.50155e-07

0
0
0
0
0
0
0
1.78903e-12
4.24404e-08
4.11114e-05
0.00461432
0.0816752
0.316374
0.385808
0.166241
0.0336109
0.00563066
0.00146256
0.000836524
0.000694825
0.000547573
0.000473212
0.000389558
0.000380368
0.000319868
0.000265164
0.000207518
0.000147778
0.000100856
7.07792e-05
4.98127e-05
2.60012e-05
1.58709e-05
7.93891e-06
4.01353e-06
2.10824e-06
1.06895e-06
5.55223e-07
2.97687e-07

0
0
0
0
0
0
0
6.14726e-18
2.02739e-11
1.46835e-07
9.29716e-05
0.00701961
0.0914934
0.32857
0.369006
0.157561
0.0350375
0.00563112
0.00140134
0.000872699
0.000631998
0.000521351
0.000431931
0.000391862
0.000324497
0.000282934
0.000227199
0.000171959
0.000121691
8.37955e-05
5.64311e-05
3.17183e-05
1.82418e-05
9.33951e-06
4.88729e-06
2.50527e-06
1.29251e-06
6.70403e-07
3.51299e-07

0
0
0
0
0
0
0
0
1.72077e-15
1.2297e-10
5.0934e-07
0.000188118
0.00915004
0.105138
0.331547
0.350347
0.158579
0.0343924
0.00541315
0.00146529
0.00077221
0.000614041
0.000504221
0.000429476
0.000338918
0.000294066
0.000241009
0.000195727
0.000142701
9.83139e-05
6.57469e-05
3.84441e-05
2.17414e-05
1.09664e-05
5.84009e-06
2.97443e-06
1.498e-06
8.06387e-07
4.21286e-07

0
0
0
0
0
0
0
0
0
2.29655e-14
7.25682e-10
1.49467e-06
0.000304169
0.0123275
0.116974
0.326676
0.349471
0.151546
0.0322428
0.00564518
0.00137143
0.000768185
0.000589204
0.00048413
0.000374876
0.000314176
0.000249087
0.000209618
0.000161265
0.000113322
7.74463e-05
4.54547e-05
2.62201e-05
1.26676e-05
6.81509e-06
3.42132e-06
1.73409e-06
9.62464e-07
5.08976e-07

0
0
0
0
0
0
0
0
0
0
2.62392e-13
3.40961e-09
3.25004e-06
0.000516276
0.0160039
0.125042
0.338846
0.336666
0.139755
0.0331922
0.00549582
0.00139693
0.00072996
0.000564607
0.000436485
0.000351916
0.000262438
0.000224276
0.000177305
0.000130304
9.00418e-05
5.32824e-05
3.119e-05
1.49857e-05
7.8753e-06
3.90413e-06
2.03025e-06
1.12677e-06
6.21562e-07

0
0
0
0
0
0
0
0
0
0
0
2.17779e-12
1.08135e-08
7.47089e-06
0.000829062
0.0193787
0.141226
0.341949
0.31376
0.141191
0.0319005
0.0056606
0.00131546
0.000722122
0.000531756
0.00041045
0.000296146
0.000247353
0.00018831
0.000147206
0.000103029
6.30257e-05
3.65338e-05
1.81635e-05
9.33692e-06
4.69341e-06
2.41447e-06
1.32649e-06
7.71524e-07

0
0
0
0
0
0
0
0
0
0
0
1.7704e-16
1.08561e-11
3.59764e-08
1.56796e-05
0.0011832
0.0247885
0.153966
0.329781
0.316465
0.132848
0.0318392
0.0052952
0.00135444
0.000695958
0.000493289
0.000357072
0.000278902
0.000200658
0.000160326
0.000116594
7.3822e-05
4.27014e-05
2.19345e-05
1.14323e-05
5.80994e-06
2.93117e-06
1.59633e-06
9.53719e-07

0
0
0
0
0
0
0
0
0
0
0
0
2.82003e-15
5.63311e-11
1.05361e-07
2.77832e-05
0.00180035
0.0303763
0.15856
0.343378
0.298132
0.129146
0.0295719
0.00555795
0.00131191
0.000655583
0.000440576
0.000324984
0.000226821
0.000173936
0.000128883
8.30876e-05
4.97743e-05
2.64186e-05
1.41808e-05
7.18307e-06
3.56255e-06
1.96633e-06
1.17007e-06

0
0
0
0
0
0
0
0
0
0
0
0
0
2.76791e-14
2.47566e-10
2.46479e-07
5.32477e-05
0.0026025
0.0347049
0.177493
0.334747
0.291357
0.119827
0.0306482
0.00543599
0.00131703
0.000591248
0.000395838
0.000272026
0.000198081
0.000141855
9.07954e-05
5.79706e-05
3.18018e-05
1.71342e-05
8.94716e-06
4.36013e-06
2.45413e-06
1.42307e-06

0
0
0
0
0
0
0
0
0
0
0
0
0
0
1.98141e-13
8.05728e-10
6.24188e-07
9.4537e-05
0.00339735
0.0430475
0.183081
0.337038
0.27335
0.122019
0.0296971
0.00555249
0.00120124
0.000534526
0.000340237
0.000236527
0.000163063
9.9931e-05
6.68331e-05
3.72815e-05
2.01584e-05
1.11389e-05
5.47172e-06
3.09681e-06
1.72725e-06

0
0
0
0
0
0
0
0
0
0
0
0
0
0
0
9.45458e-13
2.81799e-09
1.41392e-06
0.000144989
0.00479647
0.0478489
0.193845
0.323822
0.276412
0.116145
0.0295668
0.00507397
0.00109907
0.000474537
0.000292395
0.000194723
0.000114624
7.50752e-05
4.23097e-05
2.34021e-05
1.34289e-05
6.88265e-06
3.89906e-06
2.12902e-06

0
0
0
0
0
0
0
0
0
0
0
0
0
0
0
1.15988e-16
4.83178e-12
8.56498e-09
2.6553e-06
0.000242322
0.00592551
0.0550004
0.195389
0.333938
0.263073
0.11325
0.0265219
0.00468789
0.000991031
0.000406091
0.00024283
0.000138391
8.42188e-05
4.81637e-05
2.6793e-05
1.5665e-05
8.38197e-06
4.85127e-06
2.66749e-06

0
0
0
0
0
0
0
0
0
0
0
0
0
0
0
0
2.50706e-15
2.09664e-11
2.07918e-08
5.53162e-06
0.000347708
0.00772416
0.0602552
0.213541
0.328172
0.258539
0.101197
0.0244053
0.00418143
0.000881632
0.00034851
0.000176369
9.98185e-05
5.69009e-05
3.09463e-05
1.79345e-05
9.95239e-06
6.02125e-06
3.37482e-06

0
0
0
0
0
0
0
0
0
0
0
0
0
0
0
0
0
1.96842e-14
6.9561e-11
5.69303e-08
9.659e-06
0.00053775
0.00954272
0.072588
0.223934
0.336165
0.236425
0.0937925
0.021773
0.00389343
0.000794992
0.000259565
0.000131403
7.0503e-05
3.74471e-05
2.08171e-05
1.18407e-05
7.41247e-06
4.32776e-06

0
0
0
0
0
0
0
0
0
0
0
0
0
0
0
0
0
0
9.7313e-14
2.62152e-10
1.25988e-07
1.84216e-05
0.000772754
0.0130883
0.0833278
0.245776
0.321691
0.225104
0.0850097
0.0205535
0.00363553
0.000619379
0.000206126
9.36685e-05
4.86044e-05
2.57842e-05
1.43957e-05
8.95089e-06
5.53435e-06

0
0
0
0
0
0
0
0
0
0
0
0
0
0
0
0
0
0
0
5.30301e-13
7.5946e-10
3.05415e-07
3.1524e-05
0.00123591
0.0167296
0.0998769
0.249483
0.319367
0.209442
0.0808008
0.0193329
0.00289736
0.000513753
0.000148605
6.89587e-05
3.47128e-05
1.83508e-05
1.09096e-05
6.90784e-06

0
0
0
0
0
0
0
0
0
0
0
0
0
0
0
0
0
0
0
1.54332e-17
2.0822e-12
2.41071e-09
6.375e-07
6.02011e-05
0.00178945
0.0223123
0.108934
0.262133
0.308322
0.201777
0.076213
0.0154218
0.00243828
0.000385724
0.000114569
5.05423e-05
2.52191e-05
1.40821e-05
8.57995e-06

0
0
0
0
0
0
0
0
0
0
0
0
0
0
0
0
0
0
0
0
1.43589e-15
9.01527e-12
6.35709e-09
1.50446e-06
0.000101593
0.00273489
0.0267707
0.124234
0.268108
0.307126
0.194042
0.0615035
0.0130454
0.00187385
0.000302474
8.66076e-05
3.80455e-05
1.97711e-05
1.1323e-05

0
0
0
0
0
0
0
0
0
0
0
0
0
0
0
0
0
0
0
0
0
1.37244e-14
3.14418e-11
1.93858e-08
3.07873e-06
0.000185172
0.0037359
0.0343333
0.138808
0.284684
0.310251
0.162685
0.0532135
0.0102355
0.00150571
0.000243511
6.86832e-05
3.10241e-05
1.67204e-05

0
0
0
0
0
0
0
0
0
0
0
0
0
0
0
0
0
0
0
0
0
0
7.34088e-14
1.2933e-10
4.99966e-08
6.95421e-06
0.00029779
0.00557323
0.0431352
0.161688
0.31095
0.277344
0.147492
0.0434374
0.00850633
0.00127718
0.000203345
6.00753e-05
2.79277e-05

0
0
0
0
0
0
0
0
0
0
0
0
0
0
0
0
0
0
0
0
0
0
0
4.36553e-13
4.31924e-10
1.43744e-07
1.34658e-05
0.000528346
0.0080125
0.0560638
0.194309
0.300612
0.267404
0.126763
0.0374744
0.00746467
0.00110339
0.000193226
5.75595e-05

0
0
0
0
0
0
0
0
0
0
0
0
0
0
0
0
0
0
0
0
0
0
0
0
1.94421e-12
1.60904e-09
3.39927e-07
2.87995e-05
0.000877238
0.0117165
0.0747739
0.204192
0.310212
0.242847
0.113564
0.0338765
0.00661466
0.00109768
0.000198475

0
0
0
0
0
0
0
0
0
0
0
0
0
0
0
0
0
0
0
0
0
0
0
0
2.74822e-16
4.40296e-12
2.17132e-09
4.11299e-07
2.60975e-05
0.000695152
0.00867836
0.0454835
0.134834
0.214595
0.221459
0.169943
0.104331
0.0625456
0.0374091

