1.85	103.656	126.529	111.301	113.274	122.098	120.369
1.9	100.961	122.861	108.231	110.105	118.78	117.141
1.95	98.3552	119.323	105.265	107.044	115.58	114.023
2	95.8444	115.91	102.407	104.094	112.493	111.021
2.05	92.5193	111.816	98.8244	100.443	108.554	107.138
2.1	89.3091	107.866	95.3672	96.9203	104.753	103.392
2.15	86.208	104.056	92.0284	93.519	101.086	99.7769
2.2	83.2141	100.379	88.806	90.2364	97.5489	96.2888
2.25	80.3251	96.832	85.6969	87.0694	94.136	92.9246
2.3	77.1254	93.071	82.3493	83.6773	90.4735	89.3003
2.35	74.1079	89.5105	79.1686	80.4547	86.9666	85.8305
2.4	71.2172	86.0949	76.117	77.3626	83.6004	82.5002
2.45	68.4398	82.8103	73.1828	74.3891	80.3674	79.3019
2.5	65.7754	79.6556	70.3659	71.5341	77.2634	76.2317
2.55	63.5946	76.9863	68.0266	69.1522	74.6997	73.6975
2.6	61.485	74.4053	65.7635	66.8479	72.221	71.2474
2.65	59.4443	71.9097	63.5739	64.6188	69.8243	68.8783
2.7	57.47	69.4967	61.4555	62.4623	67.5069	66.5878
2.75	55.5603	67.1636	59.4061	60.3762	65.2663	64.373
2.8	53.5264	64.7177	57.241	58.1773	62.895	62.0282
2.85	51.5662	62.3602	55.1538	56.0574	60.6098	59.7689
2.9	49.6758	60.0878	53.1403	54.0128	58.4078	57.5904
2.95	47.8559	57.8983	51.2014	52.0434	56.2861	55.493
3	46.042	55.7249	49.2452	50.0597	54.2168	53.4457
3.05	44.2316	53.6116	47.3272	48.1207	52.1492	51.3956
3.1	42.5397	51.6278	45.5513	46.3228	50.1817	49.4467
3.15	40.9158	49.7208	43.8452	44.5952	48.2916	47.5749
3.2	39.3561	47.8863	42.2052	42.9342	46.4754	45.7766
3.25	37.8582	46.1217	40.6286	41.3371	44.7299	44.049
3.3	36.3707	44.3042	39.0316	39.7116	42.9751	42.3219
3.35	34.9418	42.5584	37.4974	38.1501	41.2893	40.6628
3.4	33.5691	40.8816	36.0237	36.6501	39.6699	39.0689
3.45	32.2505	39.2711	34.608	35.2093	38.1142	37.5378
3.5	30.984	37.7242	33.2482	33.8253	36.6198	36.0669
3.55	29.6543	36.1141	31.8246	32.3779	35.0595	34.5299
3.6	28.3872	34.5786	30.4681	30.9987	33.5677	33.0604
3.65	27.1781	33.1122	29.1736	29.6824	32.1409	31.6549
3.7	26.0207	31.7084	27.9344	28.4224	30.775	30.3095
3.75	24.913	30.3644	26.7483	27.2162	29.4675	29.0217
3.8	23.7838	29.0131	25.5481	25.9979	28.1397	27.71
3.85	22.7069	27.723	24.403	24.8352	26.873	26.4589
3.9	21.6798	26.4913	23.3101	23.7256	25.6645	25.2654
3.95	20.7002	25.3153	22.2672	22.6664	24.5115	24.127
4	19.7658	24.1925	21.2719	21.6555	23.4113	23.0409
4.05	18.8775	23.0988	20.3127	20.6784	22.3576	22.0055
4.1	18.0292	22.0548	19.397	19.7455	21.3515	21.0168
4.15	17.2192	21.0581	18.5227	18.8548	20.3907	20.0726
4.2	16.4457	20.1065	17.6879	18.0044	19.4734	19.171
4.25	15.707	19.1981	16.8908	17.1925	18.5974	18.31
4.3	14.8721	18.1963	16.0019	16.2899	17.6162	17.3423
4.35	14.0822	17.2474	15.1603	15.4353	16.6873	16.4265
4.4	13.3349	16.3485	14.3636	14.6261	15.8081	15.5597
4.45	12.6278	15.4971	13.6093	13.8599	14.9759	14.7393
4.5	11.9587	14.6905	12.8951	13.1343	14.1881	13.9628
4.55	11.3276	13.9239	12.2187	12.4464	13.4428	13.2287
4.6	10.7301	13.1976	11.578	11.7948	12.7369	12.5335
4.65	10.1643	12.5093	10.9712	11.1774	12.0683	11.875
4.7	9.62859	11.8572	10.3963	10.5926	11.4351	11.2514
4.75	9.12128	11.2392	9.85176	10.0386	10.8353	10.6607
4.8	8.68014	10.7073	9.38085	9.56016	10.3155	10.148
4.85	8.26066	10.2009	8.93275	9.10479	9.82104	9.66037
4.9	7.86175	9.71866	8.50634	8.6714	9.3506	9.19647
4.95	7.48239	9.25953	8.10057	8.25891	8.90301	8.75517
5	7.1216	8.82235	7.71441	7.8663	8.47714	8.33535
5.05	6.77933	8.39893	7.34388	7.48857	8.07041	7.93585
5.1	6.45353	7.99584	6.99116	7.129	7.68322	7.55551
5.15	6.1434	7.61211	6.65539	6.78672	7.31461	7.19342
5.2	5.84819	7.24682	6.33577	6.46087	6.96371	6.84869
5.25	5.56719	6.89906	6.03151	6.15069	6.62965	6.52049
5.3	5.25668	6.5158	5.69585	5.80856	6.26036	6.15704
5.35	4.96354	6.15388	5.37891	5.48551	5.91168	5.8139
5.4	4.68678	5.81209	5.07964	5.18046	5.58247	5.48992
5.45	4.42549	5.48932	4.79706	4.89241	5.27163	5.18404
5.5	4.1788	5.18451	4.53023	4.62041	4.97813	4.89524
5.55	3.97924	4.93586	4.31331	4.3991	4.74065	4.66247
5.6	3.78936	4.69926	4.10691	4.18851	4.51464	4.4409
5.65	3.60866	4.47412	3.91051	3.98812	4.29954	4.23
5.7	3.43672	4.25987	3.72362	3.79744	4.09482	4.02924
5.75	3.27309	4.05599	3.54577	3.61597	3.89997	3.83813
5.8	3.08	3.82521	3.34063	3.40779	3.67314	3.61406
5.85	2.89873	3.60798	3.14778	3.21199	3.45998	3.40356
5.9	2.72852	3.40346	2.96643	3.02782	3.25962	3.20575
5.95	2.56866	3.21089	2.79588	2.85455	3.07126	3.01986
6	2.41851	3.02954	2.63546	2.69151	2.89417	2.84512
6.05	2.26463	2.84014	2.46935	2.52228	2.71143	2.66532
6.1	2.12067	2.6627	2.31385	2.36381	2.54038	2.49702
6.15	1.98599	2.49647	2.16825	2.21542	2.38025	2.33949
6.2	1.85997	2.34072	2.03192	2.07645	2.23034	2.19203
6.25	1.74206	2.19479	1.90427	1.94629	2.08999	2.05397
6.3	1.64769	2.0753	1.80082	1.84049	1.97663	1.94272
6.35	1.55844	1.96232	1.70299	1.74046	1.86944	1.83751
6.4	1.47403	1.85551	1.6105	1.64587	1.76806	1.73801
6.45	1.39421	1.75452	1.52303	1.55643	1.6722	1.64391
6.5	1.31872	1.65903	1.44033	1.47186	1.58155	1.55491
6.55	1.24302	1.56344	1.35747	1.38715	1.49067	1.46565
6.6	1.17166	1.47336	1.27938	1.30732	1.40502	1.38152
6.65	1.10441	1.38848	1.20579	1.23209	1.32429	1.30223
6.7	1.04102	1.30849	1.13644	1.16119	1.24822	1.2275
6.75	0.98128	1.23312	1.07109	1.09438	1.17651	1.15706
6.8	0.912317	1.14729	0.996207	1.01797	1.09417	1.07602
6.85	0.848227	1.06746	0.926584	0.946921	1.01761	1.00069
6.9	0.788661	0.993203	0.86185	0.88085	0.946439	0.930656
6.95	0.7333	0.924133	0.801658	0.819409	0.880267	0.865547
7	0.681845	0.859886	0.745689	0.762272	0.818742	0.805014
7.05	0.624647	0.787551	0.683033	0.698203	0.750047	0.737567
7.1	0.572267	0.721323	0.625661	0.639539	0.687137	0.675791
7.15	0.524299	0.660685	0.573128	0.585823	0.629525	0.619209
7.2	0.480368	0.605162	0.525022	0.536637	0.576761	0.567383
7.25	0.440134	0.554322	0.480971	0.491595	0.528438	0.519911
7.3	0.401891	0.506598	0.439388	0.449146	0.482697	0.474875
7.35	0.366983	0.462994	0.401412	0.410374	0.440928	0.433754
7.4	0.335118	0.423152	0.366728	0.374958	0.402786	0.396205
7.45	0.30603	0.386749	0.33505	0.342609	0.367954	0.361918
7.5	0.279475	0.353485	0.306118	0.313058	0.336144	0.330608
7.55	0.252555	0.320502	0.277142	0.283548	0.304129	0.298982
7.6	0.228421	0.290778	0.251091	0.256998	0.275375	0.270598
7.65	0.20676	0.263966	0.227646	0.233088	0.249522	0.245096
7.7	0.187298	0.239761	0.206526	0.211536	0.226254	0.222159
7.75	0.169793	0.217891	0.187482	0.192091	0.205291	0.201507
7.8	0.150852	0.192875	0.16623	0.170234	0.182117	0.178836
7.85	0.134108	0.170824	0.147474	0.150951	0.161657	0.158814
7.9	0.119298	0.151379	0.130912	0.13393	0.143584	0.141122
7.95	0.106193	0.134225	0.116282	0.118901	0.127612	0.125482
8	0.0945907	0.119085	0.103351	0.105623	0.113489	0.111647
8.05	0.0805691	0.0998656	0.0872857	0.0890199	0.0960658	0.0946698
8.1	0.0692401	0.0844145	0.0743419	0.0756517	0.0820244	0.0809857
8.15	0.0600588	0.07196	0.0638833	0.0648584	0.0706762	0.0699244
8.2	0.0525931	0.0618917	0.0554067	0.0561174	0.0614758	0.0609544
8.25	0.0465004	0.0537265	0.0485131	0.0490149	0.0539911	0.0536553
8.3	0.0433178	0.0496531	0.0450017	0.0454201	0.05017	0.0499225
8.35	0.0404487	0.045982	0.0418367	0.0421801	0.046725	0.0465563
8.4	0.0378617	0.042673	0.0389836	0.0392594	0.0436187	0.0435202
8.45	0.0355288	0.0396901	0.0364113	0.0366263	0.0408175	0.0407816
8.5	0.0334248	0.0370009	0.0340919	0.0342522	0.0382911	0.038311
8.55	0.0304528	0.0335898	0.031002	0.0311331	0.0348487	0.0348886
8.6	0.0277574	0.0305068	0.0282049	0.0283108	0.03173	0.0317859
8.65	0.0253117	0.0277191	0.0256716	0.0257559	0.028903	0.0289716
8.7	0.0230915	0.0251973	0.0233762	0.0234419	0.0263394	0.0264178
8.75	0.021075	0.022915	0.0212953	0.0213452	0.0240135	0.0240993
8.8	0.019016	0.020541	0.0191496	0.0191778	0.0216243	0.0217252
8.85	0.0171851	0.0184445	0.0172486	0.0172593	0.0195043	0.0196158
8.9	0.0155538	0.0165895	0.015561	0.0155579	0.0176193	0.0177379
8.95	0.0140976	0.014945	0.0140602	0.014046	0.0159402	0.016063
9	0.0127951	0.0134844	0.0127227	0.0126999	0.0144417	0.0145664
9.05	0.0115904	0.0121306	0.0114844	0.0114532	0.0130537	0.0131797
9.1	0.0105174	0.0109353	0.0103865	0.0103491	0.0118209	0.0119465
9.15	0.00955922	0.00987711	0.00941046	0.00936877	0.0107232	0.0108468
9.2	0.00870149	0.00893777	0.00854057	0.00849599	0.00974323	0.00986392
9.25	0.00793185	0.00810177	0.00776333	0.007717	0.00886621	0.00898318
9.3	0.00731408	0.00746259	0.00715462	0.00711098	0.00817427	0.00828459
9.35	0.00674557	0.00687476	0.00659465	0.00655351	0.00753739	0.0076413
9.4	0.00622224	0.00633405	0.0060794	0.0060406	0.00695106	0.00704882
9.45	0.00574036	0.00583658	0.00560518	0.00556857	0.00641116	0.00650302
9.5	0.00529655	0.00537882	0.00516863	0.00513408	0.0059139	0.00600016
9.55	0.00488771	0.00495751	0.00476667	0.00473406	0.00545585	0.00553677
9.6	0.00451099	0.0045697	0.0043965	0.00436571	0.00503383	0.00510969
9.65	0.00416381	0.00421266	0.00405553	0.00402647	0.00464494	0.00471601
9.7	0.00384378	0.00388391	0.00374142	0.00371399	0.00428653	0.00435308
9.75	0.00354874	0.00358117	0.00345199	0.00342611	0.00395617	0.00401845
9.8	0.00327669	0.00330233	0.00318527	0.00316085	0.00365161	0.00370987
9.85	0.0030258	0.00304548	0.00293945	0.00291641	0.00337081	0.00342528
9.9	0.00279438	0.00280887	0.00271285	0.00269112	0.00311188	0.00316279
9.95	0.00258091	0.00259086	0.00250395	0.00248346	0.00287308	0.00292065
10	0.00238395	0.00238997	0.00231134	0.00229202	0.00265283	0.00269727
10.05	0.00220222	0.00220485	0.00213373	0.00211552	0.00244967	0.00249117
10.1	0.00203451	0.00203423	0.00196993	0.00195277	0.00226224	0.00230099
10.15	0.00187972	0.00187696	0.00181885	0.00180269	0.00208932	0.00212549
10.2	0.00173685	0.00173199	0.0016795	0.00166428	0.00192976	0.00196351
10.25	0.00160496	0.00159834	0.00155094	0.00153661	0.00178253	0.00181402
10.3	0.0014832	0.00147511	0.00143233	0.00141884	0.00164664	0.00167602
10.35	0.00137077	0.00136149	0.00132289	0.0013102	0.00152123	0.00154863
10.4	0.00126696	0.00125671	0.0012219	0.00120997	0.00140546	0.00143102
10.45	0.00117109	0.00116008	0.00112871	0.00111748	0.0012986	0.00132243
10.5	0.00108255	0.00107096	0.00104269	0.00103214	0.00119995	0.00122216
10.55	0.00100077	0.000988757	0.000963302	0.000953383	0.00110886	0.00112957
10.6	0.000925236	0.000912926	0.000890017	0.000880696	0.00102476	0.00104406
10.65	0.000855455	0.000842971	0.000822363	0.000813607	0.000947096	0.00096509
10.7	0.000790988	0.000778429	0.000759903	0.00075168	0.000875378	0.000892148
10.75	0.000731426	0.000718879	0.000702233	0.000694513	0.000809142	0.00082477
10.8	0.00067639	0.000663929	0.000648983	0.000641737	0.000747966	0.000762528
10.85	0.000625535	0.000613222	0.00059981	0.00059301	0.000691459	0.000705028
10.9	0.000578538	0.000566424	0.000554399	0.000548018	0.00063926	0.000651902
10.95	0.000535104	0.000523233	0.000512457	0.000506472	0.000591039	0.000602816
11	0.000494961	0.000483367	0.000473719	0.000468106	0.000546488	0.00055746
11.05	0.000457855	0.000446568	0.000437937	0.000432674	0.000505326	0.000515546
11.1	0.000423556	0.000412597	0.000404882	0.000399948	0.000467293	0.000476812
11.15	0.000391849	0.000381235	0.000374345	0.000369721	0.000432147	0.000441014
11.2	0.000362535	0.000352279	0.000346132	0.000341799	0.000399669	0.000407927
11.25	0.000335434	0.000325543	0.000320064	0.000316005	0.000369653	0.000377343
11.3	0.000310375	0.000300855	0.000295978	0.000292176	0.000341911	0.000349073
11.35	0.000287205	0.000278057	0.00027372	0.000270159	0.000316269	0.000322938
11.4	0.000265778	0.000257003	0.000253151	0.000249817	0.000292566	0.000298777
11.45	0.000245963	0.000237557	0.000234141	0.00023102	0.000270656	0.000276439
11.5	0.000227638	0.000219596	0.000216571	0.000213649	0.0002504	0.000255784
11.55	0.000210689	0.000203006	0.000200331	0.000197597	0.000231673	0.000236686
11.6	0.000195012	0.00018768	0.000185319	0.000182761	0.000214358	0.000219026
11.65	0.000180511	0.000173521	0.000171442	0.000169048	0.000198348	0.000202694
11.7	0.000167096	0.000160441	0.000158612	0.000156373	0.000183544	0.000187589
11.75	0.000154687	0.000148355	0.000146751	0.000144657	0.000169853	0.00017362
11.8	0.000143206	0.000137187	0.000135784	0.000133826	0.000157193	0.000160698
11.85	0.000132584	0.000126868	0.000125644	0.000123813	0.000145483	0.000148747
11.9	0.000122755	0.000117332	0.000116267	0.000114555	0.000134653	0.000137691
11.95	0.000113661	0.000108518	0.000107596	0.000105995	0.000124635	0.000127463
12	0.000105246	0.000100373	9.95762e-05	9.80805e-05	0.000115369	0.000118001
12.05	9.74581e-05	9.2844e-05	9.21593e-05	9.07615e-05	0.000106797	0.000109246
12.1	9.02509e-05	8.58847e-05	8.52993e-05	8.39931e-05	9.88666e-05	0.000101147
12.15	8.35806e-05	7.94515e-05	7.8954e-05	7.77336e-05	9.15298e-05	9.36518e-05
12.2	7.74069e-05	7.35042e-05	7.30844e-05	7.19443e-05	8.47416e-05	8.67165e-05
12.25	7.16925e-05	6.80059e-05	6.76546e-05	6.65896e-05	7.84607e-05	8.02986e-05
12.3	6.64029e-05	6.29222e-05	6.26313e-05	6.16366e-05	7.26488e-05	7.43592e-05
12.35	6.15064e-05	5.82218e-05	5.79839e-05	5.70549e-05	6.72706e-05	6.88624e-05
12.4	5.69735e-05	5.38753e-05	5.36839e-05	5.28165e-05	6.22936e-05	6.37749e-05
12.45	5.27769e-05	4.9856e-05	4.97053e-05	4.88953e-05	5.76875e-05	5.90659e-05
12.5	4.88916e-05	4.6139e-05	4.60238e-05	4.52675e-05	5.34244e-05	5.47071e-05
12.55	4.52943e-05	4.27014e-05	4.26169e-05	4.19109e-05	4.94787e-05	5.06722e-05
12.6	4.19634e-05	3.95219e-05	3.94641e-05	3.88051e-05	4.58264e-05	4.6937e-05
12.65	3.88791e-05	3.6581e-05	3.65463e-05	3.59312e-05	4.24457e-05	4.34791e-05
12.7	3.6023e-05	3.38607e-05	3.38458e-05	3.32717e-05	3.93161e-05	4.02777e-05
12.75	3.33781e-05	3.13443e-05	3.13462e-05	3.08105e-05	3.64189e-05	3.73136e-05
