1.85	106.208	128.822	113.644	115.564	124.841	123.196
1.9	102.581	124.336	109.728	111.57	120.528	118.939
1.95	99.0734	120.006	105.943	107.711	116.365	114.826
2	95.69	115.826	102.292	103.989	112.346	110.862
2.05	92.1881	111.554	98.5375	100.168	108.21	106.779
2.1	88.8129	107.437	94.9195	96.4852	104.225	102.846
2.15	85.5579	103.47	91.4307	92.9349	100.387	99.0567
2.2	82.4207	99.6475	88.0684	89.5134	96.69	95.4063
2.25	79.3985	95.9651	84.8293	86.2172	93.1284	91.8912
2.3	76.2471	92.2248	81.515	82.8546	89.5101	88.3156
2.35	73.2728	88.6818	78.3636	79.6577	86.0423	84.889
2.4	70.4204	85.2808	75.3376	76.5879	82.7106	81.597
2.45	67.6769	82.0081	72.4256	73.6335	79.5077	78.4323
2.5	65.0424	78.863	69.6278	70.7949	76.43	75.3916
2.55	62.7765	76.1144	67.2089	68.3348	73.7739	72.7626
2.6	60.588	73.46	64.872	65.9581	71.2093	70.2244
2.65	58.474	70.8964	62.614	63.6618	68.7331	67.7738
2.7	56.4322	68.4206	60.4324	61.4434	66.3423	65.4078
2.75	54.4601	66.0296	58.3248	59.3002	64.0339	63.1236
2.8	52.3919	63.5482	56.126	57.0676	61.6241	60.7398
2.85	50.401	61.1587	54.0083	54.9174	59.3044	58.4455
2.9	48.4833	58.8578	51.9678	52.8458	57.0716	56.2359
2.95	46.6394	56.643	50.005	50.8526	54.9227	54.1109
3	44.8043	54.4473	48.0277	48.8478	52.8294	52.0395
3.05	43.126	52.4502	46.23	47.026	50.9031	50.1352
3.1	41.5559	50.5739	44.5649	45.3361	49.066	48.3209
3.15	40.0441	48.7659	42.9611	43.7083	47.296	46.573
3.2	38.5877	47.0228	41.4153	42.1391	45.5903	44.8888
3.25	37.1845	45.3423	39.9254	40.6266	43.9466	43.266
3.3	35.6636	43.5031	38.3017	38.9761	42.1585	41.5036
3.35	34.2052	41.7388	36.7442	37.3929	40.4436	39.8134
3.4	32.8067	40.0464	35.2504	35.8743	38.7989	38.1925
3.45	31.4656	38.4229	33.8175	34.4177	37.2215	36.638
3.5	30.1798	36.8657	32.4433	33.0206	35.7087	35.1472
3.55	28.8597	35.269	31.0308	31.5847	34.1603	33.6218
3.6	27.6031	33.7474	29.6861	30.2176	32.6812	32.1648
3.65	26.405	32.2954	28.4039	28.9139	31.2677	30.7725
3.7	25.2593	30.9062	27.1775	27.6669	29.9158	29.4409
3.75	24.1637	29.5772	26.0044	26.474	28.6227	28.1673
3.8	23.0921	28.281	24.8589	25.3095	27.358	26.9202
3.85	22.0686	27.0422	23.7644	24.1969	26.15	25.729
3.9	21.091	25.8583	22.7187	23.1336	24.9959	24.5911
3.95	20.1573	24.7267	21.7195	22.1177	23.8933	23.5042
4	19.2655	23.6451	20.7648	21.1468	22.84	22.4659
4.05	18.3709	22.5511	19.8024	20.1672	21.7813	21.4247
4.1	17.518	21.5078	18.8848	19.2332	20.7718	20.4318
4.15	16.7048	20.513	18.0098	18.3425	19.8093	19.4852
4.2	15.9295	19.5643	17.1755	17.4932	18.8915	18.5825
4.25	15.1903	18.6596	16.38	16.6834	18.0164	17.7218
4.3	14.3931	17.697	15.5283	15.8179	17.0775	16.7971
4.35	13.6385	16.7848	14.7215	14.998	16.1883	15.9214
4.4	12.9241	15.9203	13.9574	14.2213	15.3462	15.0921
4.45	12.2478	15.1009	13.2336	13.4854	14.5486	14.3068
4.5	11.6075	14.3244	12.5478	12.7882	13.7931	13.563
4.55	11.0047	13.5875	11.8995	12.1283	13.0797	12.8611
4.6	10.4335	12.8888	11.285	11.5027	12.4035	12.1959
4.65	9.89232	12.2265	10.7025	10.9098	11.7626	11.5655
4.7	9.37948	11.5984	10.1504	10.3477	11.1552	10.968
4.75	8.8935	11.003	9.62709	9.81484	10.5795	10.4017
4.8	8.4685	10.489	9.1727	9.35299	10.0783	9.9076
4.85	8.06427	9.99953	8.74018	8.91329	9.60129	9.4375
4.9	7.67976	9.53329	8.32847	8.49467	9.14736	8.99018
4.95	7.31398	9.08917	7.93654	8.09608	8.71533	8.56453
5	6.96601	8.6661	7.56341	7.71655	8.30414	8.15946
5.05	6.6249	8.24508	7.1946	7.34069	7.89911	7.76153
5.1	6.30052	7.84454	6.8438	6.98317	7.51387	7.38304
5.15	5.99206	7.46349	6.51013	6.64308	7.14745	7.02303
5.2	5.69873	7.10097	6.19276	6.31959	6.79893	6.68061
5.25	5.41978	6.75608	5.89089	6.01187	6.46743	6.35491
5.3	5.13669	6.3985	5.58094	5.69501	6.128	6.02206
5.35	4.86849	6.05997	5.28741	5.39497	5.8065	5.70677
5.4	4.6144	5.73947	5.00943	5.11084	5.50201	5.40811
5.45	4.37368	5.43603	4.74617	4.84178	5.2136	5.12521
5.5	4.14562	5.14874	4.49684	4.58699	4.94041	4.85722
5.55	3.93464	4.89033	4.26967	4.35573	4.69081	4.6119
5.6	3.73447	4.64495	4.05403	4.13618	4.45388	4.37902
5.65	3.54453	4.41194	3.84933	3.92774	4.22897	4.15796
5.7	3.3643	4.19066	3.65502	3.72986	4.01547	3.94811
5.75	3.19328	3.98053	3.47057	3.542	3.8128	3.74889
5.8	3.00877	3.75797	3.27356	3.34182	3.59537	3.53443
5.85	2.83526	3.54818	3.08807	3.15328	3.39072	3.33263
5.9	2.67208	3.35041	2.9134	2.97569	3.19807	3.14271
5.95	2.51859	3.16395	2.74889	2.80838	3.01671	2.96395
6	2.3742	2.98813	2.59394	2.65073	2.84593	2.79567
6.05	2.22518	2.80222	2.43189	2.48534	2.66814	2.62108
6.1	2.08554	2.6279	2.27998	2.33029	2.50148	2.45741
6.15	1.95468	2.46443	2.13758	2.18492	2.34525	2.30398
6.2	1.83205	2.31115	2.00409	2.04864	2.19879	2.16014
6.25	1.71713	2.16741	1.87895	1.92088	2.06149	2.0253
6.3	1.61914	2.04429	1.77199	1.8116	1.94411	1.90996
6.35	1.52676	1.92818	1.67113	1.70856	1.83343	1.80121
6.4	1.43966	1.81868	1.57603	1.61138	1.72907	1.69867
6.45	1.35754	1.71541	1.48635	1.51975	1.63066	1.60197
6.5	1.28012	1.61802	1.40179	1.43334	1.53787	1.5108
6.55	1.20491	1.52306	1.31948	1.3492	1.44759	1.42213
6.6	1.13412	1.43368	1.242	1.26999	1.36261	1.33867
6.65	1.06749	1.34955	1.16907	1.19543	1.28262	1.26011
6.7	1.00477	1.27035	1.10043	1.12525	1.20733	1.18616
6.75	0.945743	1.1958	1.03582	1.05919	1.13646	1.11655
6.8	0.88075	1.11408	0.964849	0.986681	1.05857	1.04002
6.85	0.820251	1.03798	0.89877	0.919158	0.986044	0.968775
6.9	0.763933	0.967099	0.837241	0.856281	0.918518	0.902436
6.95	0.711505	0.901083	0.779949	0.797729	0.855644	0.840665
7	0.662697	0.839597	0.726598	0.743202	0.797097	0.783147
7.05	0.608134	0.7702	0.666639	0.681845	0.731429	0.718739
7.1	0.558122	0.706607	0.611689	0.625616	0.671239	0.659694
7.15	0.512278	0.648328	0.561325	0.574082	0.616064	0.605561
7.2	0.470251	0.594914	0.515162	0.526846	0.565483	0.555928
7.25	0.43172	0.545956	0.472845	0.483547	0.51911	0.510417
7.3	0.395692	0.500725	0.433541	0.443393	0.475922	0.467941
7.35	0.362731	0.459306	0.397565	0.406633	0.436395	0.429069
7.4	0.332572	0.421372	0.36463	0.372977	0.400214	0.393489
7.45	0.304972	0.386626	0.334475	0.342159	0.367092	0.360919
7.5	0.279711	0.354796	0.306862	0.313934	0.336765	0.331099
7.55	0.254136	0.322973	0.2791	0.285603	0.306182	0.300954
7.6	0.231008	0.294109	0.253954	0.259931	0.278497	0.273676
7.65	0.210082	0.267917	0.231166	0.236657	0.253421	0.24898
7.7	0.191138	0.244141	0.210504	0.215548	0.230698	0.226609
7.75	0.173979	0.222549	0.191762	0.196394	0.210097	0.206334
7.8	0.154705	0.197381	0.170275	0.174327	0.186615	0.183325
7.85	0.137675	0.175193	0.151313	0.15486	0.165887	0.163011
7.9	0.122619	0.155622	0.134571	0.137675	0.14758	0.145065
7.95	0.1093	0.13835	0.119779	0.122498	0.131402	0.129203
8	0.0975115	0.123097	0.106703	0.109086	0.117097	0.115175
8.05	0.0827995	0.10331	0.0900284	0.0918947	0.0989478	0.0974427
8.1	0.07079	0.0872862	0.0764772	0.0779383	0.0841864	0.0830123
8.15	0.0609402	0.0742578	0.0654168	0.0665606	0.0721275	0.0712157
8.2	0.0528203	0.0636182	0.0563463	0.0572416	0.0622283	0.0615241
8.25	0.0460894	0.0548868	0.0488691	0.04957	0.0540587	0.053519
8.3	0.0421225	0.0501126	0.0446383	0.0452729	0.0493945	0.0489178
8.35	0.038513	0.0457729	0.0407908	0.0413656	0.0451514	0.0447303
8.4	0.0352274	0.0418266	0.0372905	0.0378113	0.0412896	0.0409178
8.45	0.0322352	0.0382367	0.0341048	0.0345769	0.0377737	0.0374454
8.5	0.0295094	0.0349696	0.0312042	0.0316324	0.0345713	0.0342815
8.55	0.0269256	0.0318598	0.0284487	0.0288336	0.0315312	0.0312796
8.6	0.0245832	0.0290452	0.0259528	0.026299	0.0287762	0.0285579
8.65	0.0224581	0.0264962	0.0236907	0.0240023	0.026278	0.0260887
8.7	0.0205291	0.0241862	0.0216392	0.0219198	0.0240113	0.0238473
8.75	0.0187769	0.0220914	0.0197774	0.0200304	0.0219533	0.0218113
8.8	0.0169576	0.0198832	0.0178283	0.0180485	0.0198056	0.0196925
8.85	0.015344	0.0179328	0.0161036	0.0162956	0.0179031	0.0178137
8.9	0.0139095	0.0162063	0.0145739	0.0147418	0.016214	0.0161439
8.95	0.0126315	0.0146745	0.0132142	0.0133613	0.0147109	0.0146566
9	0.0114904	0.0133123	0.0120027	0.012132	0.0133705	0.013329
9.05	0.0104314	0.012044	0.0108767	0.0109888	0.0121243	0.0120944
9.1	0.0094901	0.0109229	0.00987869	0.00997643	0.0110186	0.0109979
9.15	0.00865079	0.00992869	0.00899145	0.00907699	0.0100346	0.0100211
9.2	0.00790027	0.00904418	0.00820025	0.00827546	0.00915622	0.00914837
9.25	0.00722723	0.00825486	0.0074926	0.00755903	0.00836981	0.00836632
9.3	0.00669642	0.0076551	0.00694528	0.00700774	0.00775858	0.00775603
9.35	0.0062061	0.00710024	0.00643934	0.006498	0.00719346	0.00719162
9.4	0.005753	0.00658678	0.00597148	0.00602653	0.00667079	0.0066695
9.45	0.00533414	0.0061115	0.00553868	0.00559031	0.00618724	0.00618637
9.5	0.00494678	0.00567144	0.00513821	0.00518659	0.00573976	0.00573918
9.55	0.00458845	0.00526389	0.00476753	0.00481284	0.00532555	0.00532518
9.6	0.00425687	0.00488636	0.00442434	0.00446676	0.00494202	0.00494181
9.65	0.00394995	0.00453656	0.00410652	0.00414621	0.00458683	0.00458672
9.7	0.00366578	0.0042124	0.00381212	0.00384924	0.00425781	0.00425775
9.75	0.0034026	0.00391193	0.00353934	0.00357406	0.00395295	0.00395293
9.8	0.0031588	0.00363336	0.00328656	0.00331901	0.00367044	0.00367043
9.85	0.00293291	0.00337506	0.00305225	0.00308258	0.00340858	0.00340856
9.9	0.00272356	0.0031355	0.00283503	0.00286336	0.00316581	0.00316577
9.95	0.00252951	0.0029133	0.0026336	0.00266007	0.00294071	0.00294065
10	0.0023496	0.00270716	0.00244679	0.00247151	0.00273194	0.00273186
10.05	0.00218276	0.00251588	0.00227351	0.00229659	0.00253831	0.00253819
10.1	0.00202802	0.00233838	0.00211274	0.0021343	0.00235867	0.00235852
10.15	0.00188449	0.00217364	0.00196357	0.00198369	0.00219199	0.00219181
10.2	0.00175131	0.00202071	0.00182513	0.00184392	0.00203731	0.00203711
10.25	0.00162774	0.00187873	0.00169664	0.00171417	0.00189376	0.00189353
10.3	0.00151305	0.00174691	0.00157736	0.00159372	0.0017605	0.00176025
10.35	0.00140659	0.00162449	0.00146661	0.00148189	0.00163679	0.00163652
10.4	0.00130777	0.00151079	0.00136378	0.00137804	0.00152192	0.00152164
10.45	0.00121601	0.00140518	0.00126828	0.00128159	0.00141526	0.00141496
10.5	0.0011308	0.00130708	0.00117959	0.001192	0.00131619	0.00131588
10.55	0.00105167	0.00121593	0.00109719	0.00110878	0.00122418	0.00122386
10.6	0.000978163	0.00113124	0.00102065	0.00103146	0.0011387	0.00113838
10.65	0.000909883	0.00105254	0.000949532	0.000959617	0.00105929	0.00105896
10.7	0.000846447	0.000979392	0.000883446	0.000892857	0.000985503	0.000985171
10.75	0.000787505	0.000911406	0.000822031	0.000830812	0.000916935	0.000916603
10.8	0.00073273	0.000848208	0.00076495	0.000773143	0.00085321	0.00085288
10.85	0.000681825	0.000789455	0.000711891	0.000719536	0.00079398	0.000793653
10.9	0.000634509	0.000734829	0.000662566	0.000669699	0.000738922	0.0007386
10.95	0.000590526	0.000684036	0.000616708	0.000623363	0.000687738	0.00068742
11	0.000549635	0.000636801	0.000574068	0.000580278	0.00064015	0.000639838
11.05	0.000511617	0.000592872	0.000534418	0.000540212	0.0005959	0.000595595
11.1	0.000476266	0.000552013	0.000497543	0.00050295	0.000554751	0.000554454
11.15	0.000443391	0.000514006	0.000463247	0.000468291	0.000516482	0.000516194
11.2	0.000412816	0.00047865	0.000431346	0.000436053	0.000480889	0.000480608
11.25	0.000384377	0.000445757	0.00040167	0.000406062	0.00044778	0.000447508
11.3	0.000357924	0.000415151	0.000374062	0.00037816	0.00041698	0.000416718
11.35	0.000333314	0.000386673	0.000348375	0.000352199	0.000388325	0.000388072
11.4	0.000310418	0.000360172	0.000324473	0.000328042	0.000361664	0.000361421
11.45	0.000289115	0.000335508	0.000302232	0.000305562	0.000336856	0.000336622
11.5	0.000269291	0.000312553	0.000281533	0.00028464	0.00031377	0.000313546
11.55	0.000250843	0.000291186	0.000262268	0.000265168	0.000292286	0.00029207
11.6	0.000233674	0.000271296	0.000244337	0.000247043	0.000272289	0.000272083
11.65	0.000217693	0.000252779	0.000227645	0.00023017	0.000253676	0.000253479
11.7	0.000202818	0.000235541	0.000212107	0.000214463	0.00023635	0.000236161
11.75	0.000188971	0.00021949	0.00019764	0.000199839	0.00022022	0.00022004
11.8	0.00017608	0.000204544	0.000184171	0.000186223	0.000205203	0.000205031
11.85	0.000164078	0.000190627	0.00017163	0.000173545	0.000191221	0.000191058
11.9	0.000152902	0.000177666	0.000159951	0.000161738	0.000178201	0.000178046
11.95	0.000142496	0.000165595	0.000149075	0.000150743	0.000166078	0.00016593
12	0.000132805	0.000154352	0.000138946	0.000140503	0.000154787	0.000154647
12.05	0.00012378	0.00014388	0.000129512	0.000130965	0.000144272	0.000144139
12.1	0.000115374	0.000134125	0.000120725	0.000122081	0.000134478	0.000134351
12.15	0.000107545	0.000125037	0.000112539	0.000113805	0.000125355	0.000125235
12.2	0.000100252	0.000116571	0.000104914	0.000106095	0.000116857	0.000116744
12.25	9.34583e-05	0.000108683	9.781e-05	9.89126e-05	0.000108941	0.000108833
12.3	8.71292e-05	0.000101333	9.11915e-05	9.22206e-05	0.000101565	0.000101463
12.35	8.12326e-05	9.44851e-05	8.50247e-05	8.59852e-05	9.46936e-05	9.45973e-05
12.4	7.57387e-05	8.81036e-05	7.92786e-05	8.01751e-05	8.8291e-05	8.82e-05
12.45	7.06195e-05	8.21566e-05	7.39241e-05	7.47609e-05	8.2325e-05	8.2239e-05
12.5	6.58494e-05	7.66144e-05	6.89343e-05	6.97154e-05	7.67656e-05	7.66844e-05
12.55	6.14041e-05	7.14489e-05	6.4284e-05	6.50131e-05	7.15848e-05	7.1508e-05
12.6	5.72614e-05	6.66345e-05	5.99499e-05	6.06306e-05	6.67564e-05	6.66839e-05
12.65	5.34005e-05	6.2147e-05	5.59104e-05	5.65457e-05	6.22563e-05	6.2188e-05
12.7	4.9802e-05	5.79639e-05	5.21451e-05	5.27382e-05	5.8062e-05	5.79975e-05
12.75	4.64478e-05	5.40645e-05	4.86354e-05	4.9189e-05	5.41524e-05	5.40916e-05
