1.85	92.6122	130.351	112.603	114.462	124.835	87.4764
1.9	89.012	125.278	108.228	110.014	119.956	84.051
1.95	85.6371	120.529	104.128	105.847	115.39	80.8431
2	82.5865	116.218	100.418	102.073	111.258	77.942
2.05	79.8988	112.412	97.1472	98.7458	107.631	75.4011
2.1	77.2973	108.73	93.9819	95.526	104.123	72.9428
2.15	74.7773	105.166	90.9164	92.4082	100.729	70.563
2.2	72.3381	101.718	87.9494	89.3907	97.445	68.2608
2.25	69.9786	98.3821	85.0791	86.4712	94.2683	66.0347
2.3	67.0676	94.3532	81.5851	82.9216	90.4008	63.3237
2.35	64.3314	90.5433	78.2702	79.5546	86.7047	60.7356
2.4	61.7146	86.8956	75.0961	76.3304	83.1643	58.2567
2.45	59.204	83.3954	72.05	73.2365	79.7712	55.8803
2.5	56.7993	80.0405	69.1315	70.272	76.5204	53.6036
2.55	54.9035	77.3295	66.8201	67.9192	73.9746	51.808
2.6	53.0701	74.7093	64.5846	65.6438	71.5137	50.0723
2.65	51.2969	72.1771	62.4223	63.4433	69.1347	48.3945
2.7	49.5819	69.7297	60.3309	61.315	66.835	46.7727
2.75	47.9233	67.3646	58.3082	59.2569	64.6118	45.2049
2.8	46.2163	64.986	56.2403	57.157	62.3233	43.602
2.85	44.5693	62.6907	54.2445	55.1305	60.1159	42.0557
2.9	42.9789	60.4756	52.3171	53.1738	57.9867	40.5628
2.95	41.4464	58.3388	50.4593	51.2872	55.9332	39.1242
3	39.908	56.2137	48.5793	49.3813	53.9275	37.7104
3.05	38.3868	54.1554	46.7364	47.5156	51.9068	36.2929
3.1	36.9709	52.2226	45.0315	45.787	49.9841	34.9509
3.15	35.6105	50.3626	43.3925	44.1251	48.1364	33.6612
3.2	34.3024	48.5715	41.8159	42.5261	46.3603	32.4215
3.25	33.0445	46.8467	40.299	40.9876	44.6531	31.2297
3.3	31.7727	45.041	38.7493	39.4112	42.9394	30.0303
3.35	30.5499	43.3049	37.2592	37.8954	41.2917	28.8772
3.4	29.3742	41.6358	35.8265	36.4379	39.7074	27.7683
3.45	28.2437	40.0311	34.4489	35.0366	38.1839	26.7022
3.5	27.1569	38.4884	33.1244	33.6893	36.7191	25.6771
3.55	25.9769	36.8253	31.6876	32.2285	35.1339	24.5693
3.6	24.8537	35.2399	30.3193	30.8373	33.6191	23.5113
3.65	23.7827	33.7266	29.0143	29.5103	32.1711	22.5002
3.7	22.7582	32.2787	27.7658	28.2408	30.7859	21.5329
3.75	21.7782	30.8934	26.5714	27.0263	29.4606	20.6075
3.8	20.7999	29.5255	25.383	25.819	28.1308	19.6772
3.85	19.8666	28.2194	24.249	24.6667	26.8625	18.7899
3.9	18.9762	26.9722	23.1666	23.567	25.6526	17.9435
3.95	18.1265	25.7811	22.1337	22.5173	24.4985	17.1361
4	17.3157	24.6436	21.1477	21.5154	23.3975	16.3659
4.05	16.5297	23.5179	20.186	20.5364	22.3376	15.6247
4.1	15.7796	22.4439	19.2682	19.6021	21.3259	14.9172
4.15	15.0636	21.4191	18.3922	18.7105	20.3602	14.2418
4.2	14.3802	20.4413	17.5563	17.8596	19.4384	13.5972
4.25	13.728	19.5082	16.7584	17.0476	18.5585	12.9818
4.3	13.014	18.5115	15.8914	16.167	17.5909	12.3068
4.35	12.3378	17.5665	15.07	15.3326	16.6745	11.6674
4.4	11.6972	16.6703	14.2917	14.5419	15.8067	11.0617
4.45	11.0905	15.8205	13.5542	13.7926	14.9849	10.4881
4.5	10.5157	15.0146	12.8554	13.0825	14.2064	9.9447
4.55	9.96151	14.2309	12.1797	12.3956	13.4569	9.42096
4.6	9.43668	13.4882	11.5399	11.7449	12.7472	8.92501
4.65	8.93969	12.7846	10.9338	11.1286	12.0752	8.45534
4.7	8.46905	12.1179	10.3598	10.5448	11.4389	8.01056
4.75	8.02336	11.4862	9.81615	9.99191	10.8363	7.58934
4.8	7.63885	10.946	9.34837	9.51653	10.3153	7.22525
4.85	7.27306	10.4316	8.90323	9.06412	9.81978	6.87891
4.9	6.92506	9.9417	8.47961	8.63354	9.34844	6.54945
4.95	6.59398	9.47512	8.07644	8.22371	8.90008	6.23602
5	6.27897	9.03072	7.69274	7.83363	8.47358	5.93784
5.05	5.98218	8.60486	7.32938	7.46371	8.07353	5.65796
5.1	5.69943	8.19909	6.9832	7.11127	7.69238	5.39128
5.15	5.43005	7.81246	6.65338	6.77549	7.32923	5.13717
5.2	5.17342	7.44408	6.33915	6.45556	6.98323	4.89504
5.25	4.92892	7.09307	6.03977	6.15075	6.65358	4.66433
5.3	4.64999	6.69257	5.6982	5.80297	6.27685	4.4003
5.35	4.38688	6.31472	5.37598	5.47489	5.9215	4.15124
5.4	4.13868	5.95825	5.07202	5.1654	5.5863	3.91631
5.45	3.90456	5.62193	4.78529	4.87343	5.27013	3.6947
5.5	3.68371	5.30464	4.51479	4.598	4.97188	3.48566
5.55	3.51209	5.05762	4.3045	4.38387	4.7414	3.32476
5.6	3.34859	4.82223	4.10413	4.17984	4.52175	3.17138
5.65	3.19281	4.59792	3.91322	3.98543	4.31241	3.02517
5.7	3.04437	4.38414	3.7313	3.80018	4.11291	2.88578
5.75	2.90294	4.18042	3.55795	3.62365	3.92276	2.7529
5.8	2.73184	3.94046	3.3499	3.41224	3.69035	2.59021
5.85	2.57117	3.71467	3.15441	3.21356	3.4722	2.43747
5.9	2.42025	3.50219	2.97069	3.02681	3.26738	2.29405
5.95	2.27849	3.30221	2.79802	2.85126	3.07505	2.15935
6	2.1453	3.11396	2.63569	2.6862	2.89443	2.03283
6.05	2.01017	2.92197	2.47073	2.51841	2.71224	1.90569
6.1	1.88371	2.74199	2.31629	2.36129	2.54173	1.78665
6.15	1.76537	2.57326	2.17167	2.21414	2.38214	1.67516
6.2	1.65459	2.41507	2.03625	2.07633	2.23276	1.57076
6.25	1.5509	2.26675	1.90942	1.94724	2.09292	1.47298
6.3	1.46844	2.14542	1.80768	1.84343	1.98166	1.39455
6.35	1.39038	2.03059	1.71138	1.74516	1.87634	1.32031
6.4	1.31646	1.92191	1.62022	1.65214	1.77661	1.25002
6.45	1.24649	1.81906	1.53392	1.56409	1.6822	1.18349
6.5	1.18024	1.72172	1.45222	1.48073	1.59281	1.1205
6.55	1.11234	1.62267	1.36868	1.39555	1.50139	1.05631
6.6	1.04837	1.52932	1.28995	1.31528	1.41523	0.995809
6.65	0.988075	1.44135	1.21576	1.23964	1.33402	0.938778
6.7	0.93126	1.35845	1.14585	1.16835	1.25749	0.88502
6.75	0.87772	1.28032	1.07996	1.10117	1.18535	0.834345
6.8	0.81761	1.19331	1.00617	1.02598	1.10401	0.777111
6.85	0.761641	1.11224	0.937454	0.955956	1.02828	0.723826
6.9	0.709524	1.03671	0.873453	0.890733	0.957776	0.674216
6.95	0.660994	0.966321	0.813844	0.829983	0.892136	0.628027
7	0.615802	0.900737	0.758325	0.773398	0.831021	0.58502
7.05	0.563147	0.823663	0.693467	0.70725	0.760175	0.535271
7.1	0.515022	0.753216	0.634188	0.646792	0.695404	0.489774
7.15	0.471036	0.688825	0.580007	0.591532	0.636184	0.448166
7.2	0.430829	0.629966	0.530481	0.54102	0.582037	0.410111
7.25	0.394076	0.576162	0.48521	0.494847	0.532526	0.375304
7.3	0.360356	0.527202	0.443779	0.452618	0.486881	0.343148
7.35	0.329533	0.482415	0.405899	0.414006	0.445163	0.313758
7.4	0.301357	0.441445	0.371264	0.3787	0.407035	0.286896
7.45	0.275599	0.403965	0.339596	0.346415	0.372186	0.262342
7.5	0.252052	0.369676	0.310638	0.316893	0.340333	0.239899
7.55	0.22843	0.336034	0.281782	0.28753	0.308245	0.217346
7.6	0.207195	0.30565	0.255806	0.261086	0.279427	0.197084
7.65	0.188082	0.278183	0.232394	0.237245	0.253515	0.178859
7.7	0.170861	0.253329	0.211273	0.215728	0.230187	0.162445
7.75	0.155325	0.23082	0.192197	0.196288	0.209162	0.147647
7.8	0.139217	0.206414	0.172143	0.175771	0.187531	0.132335
7.85	0.124819	0.184641	0.154229	0.157447	0.168192	0.11865
7.9	0.111947	0.165211	0.138223	0.141077	0.150898	0.106416
7.95	0.100435	0.147869	0.123917	0.12645	0.135429	0.0954759
8	0.08334	0.122597	0.102794	0.104885	0.112405	0.0792571
8.05	0.0730184	0.107372	0.0900505	0.0918785	0.0984764	0.0694301
8.1	0.0637289	0.0936637	0.07858	0.0801707	0.0859433	0.0605873
8.15	0.0554071	0.0813785	0.0683033	0.069681	0.0747176	0.052667
8.2	0.0479877	0.0704225	0.0591403	0.0603279	0.064711	0.045607
8.25	0.0414054	0.0607007	0.0510108	0.0520297	0.0558351	0.0393451
8.3	0.0355951	0.0521186	0.0438346	0.0447047	0.0480016	0.0338191
8.35	0.0304926	0.0445824	0.0375329	0.0382723	0.0411236	0.0289677
8.4	0.0260348	0.0379999	0.0320279	0.0326535	0.0351158	0.0247306
8.45	0.0221606	0.0322815	0.0272444	0.0277711	0.0298954	0.0210495
8.5	0.018811	0.0273406	0.0231094	0.0235511	0.0253826	0.017868
8.55	0.0159298	0.0230942	0.0195537	0.0199226	0.0215013	0.0151323
8.6	0.0134638	0.0194638	0.0165116	0.0168185	0.0181795	0.0127916
8.65	0.0113631	0.0163758	0.0139213	0.0141759	0.01535	0.0107984
8.7	0.00958153	0.0137616	0.011726	0.0119366	0.0129505	0.00910852
8.75	0.00807682	0.0115584	0.00987304	0.010047	0.0109235	0.00768161
8.8	0.00681042	0.00970893	0.00831488	0.00845836	0.00921738	0.00648094
8.85	0.00574776	0.0081616	0.00700865	0.00712698	0.00778533	0.00547353
8.9	0.00485804	0.00687053	0.00591622	0.00601387	0.00658591	0.00463009
8.95	0.0041142	0.00579527	0.00500402	0.00508476	0.00558266	0.00392484
9	0.00349266	0.00490059	0.00424284	0.00430976	0.00474385	0.00333537
9.05	0.00297309	0.00415609	0.00360746	0.00366312	0.00404213	0.00284238
9.1	0.00253816	0.00353586	0.0030764	0.0031229	0.00345422	0.00242943
9.15	0.00217325	0.00301803	0.00263152	0.00267054	0.00296045	0.00208266
9.2	0.0018661	0.00258434	0.00225765	0.00229057	0.00254439	0.00179047
9.25	0.00160657	0.00221965	0.00194222	0.00197013	0.00219243	0.00154328
9.3	0.00138631	0.00191156	0.00167492	0.00169869	0.00189337	0.00133321
9.35	0.00119852	0.00164998	0.00144731	0.00146765	0.00163808	0.00115384
9.4	0.00103766	0.00142674	0.00125257	0.00127003	0.00141914	0.000999953
9.45	0.000899256	0.00123526	0.00108517	0.00110021	0.00123054	0.000867345
9.5	0.000779683	0.00107028	0.00094067	0.000953657	0.00106743	0.000752611
9.55	0.000676024	0.000927542	0.000815484	0.000826711	0.000925894	0.000653004
9.6	0.000585908	0.00080365	0.000706706	0.000716419	0.000802744	0.000566296
9.65	0.000507401	0.000695842	0.000611976	0.000620379	0.00069538	0.000490669
9.7	0.000438915	0.000601868	0.000529358	0.000536624	0.000601661	0.000424624
9.75	0.000379129	0.000519872	0.000457247	0.000463524	0.000519804	0.000366916
9.8	0.000326934	0.000448309	0.000394299	0.000399713	0.00044831	0.000316496
9.85	0.000281389	0.00038587	0.000339372	0.000344034	0.000385902	0.00027247
9.9	0.000241685	0.00033144	0.00029149	0.000295496	0.000331481	0.000234069
9.95	0.000207118	0.000284052	0.000249804	0.000253239	0.000284092	0.000200622
10	0.000177076	0.000242863	0.000213573	0.000216511	0.000242898	0.000171542
10.05	0.000151015	0.00020713	0.000182144	0.00018465	0.000207159	0.00014631
10.1	0.000128459	0.000176199	0.000154939	0.000157072	0.000176222	0.000124465
10.15	0.000108981	0.000149486	0.000131447	0.000133257	0.000149505	0.000105598
10.2	9.22023e-05	0.000126475	0.000111211	0.000112742	0.00012649	8.93436e-05
10.25	7.77878e-05	0.000106705	9.38251e-05	9.51173e-05	0.000106716	7.53782e-05
10.3	6.54376e-05	8.97649e-05	7.8929e-05	8.00162e-05	8.97741e-05	6.34119e-05
10.35	5.48859e-05	7.52914e-05	6.62021e-05	6.7114e-05	7.52987e-05	5.31876e-05
10.4	4.5897e-05	6.29611e-05	5.536e-05	5.61226e-05	6.29669e-05	4.44773e-05
10.45	3.82622e-05	5.2488e-05	4.61511e-05	4.67869e-05	5.24927e-05	3.70789e-05
10.5	3.17972e-05	4.36196e-05	3.83533e-05	3.88817e-05	4.36235e-05	3.08141e-05
10.55	2.634e-05	3.61335e-05	3.17709e-05	3.22086e-05	3.61366e-05	2.55257e-05
10.6	2.17482e-05	2.98344e-05	2.62323e-05	2.65937e-05	2.98369e-05	2.10758e-05
10.65	1.7897e-05	2.45513e-05	2.15871e-05	2.18845e-05	2.45535e-05	1.73438e-05
10.7	1.46778e-05	2.01353e-05	1.77042e-05	1.79481e-05	2.0137e-05	1.42241e-05
10.75	1.19961e-05	1.64564e-05	1.44695e-05	1.46688e-05	1.64578e-05	1.16253e-05
10.8	9.76973e-06	1.34023e-05	1.17841e-05	1.19465e-05	1.34034e-05	9.46774e-06
10.85	7.928e-06	1.08758e-05	9.56265e-06	9.69439e-06	1.08767e-05	7.68294e-06
10.9	6.40993e-06	8.79323e-06	7.73156e-06	7.83809e-06	8.79398e-06	6.21179e-06
10.95	5.16322e-06	7.08299e-06	6.22781e-06	6.31361e-06	7.08359e-06	5.00362e-06
11	4.14321e-06	5.68372e-06	4.99748e-06	5.06633e-06	5.6842e-06	4.01514e-06
11.05	3.31185e-06	4.54325e-06	3.99471e-06	4.04974e-06	4.54363e-06	3.20948e-06
11.1	2.63689e-06	3.61732e-06	3.18057e-06	3.22439e-06	3.61763e-06	2.55538e-06
11.15	2.09106e-06	2.86855e-06	2.52221e-06	2.55696e-06	2.8688e-06	2.02643e-06
11.2	1.65146e-06	2.26549e-06	1.99196e-06	2.01941e-06	2.26568e-06	1.60041e-06
11.25	1.29885e-06	1.78178e-06	1.56665e-06	1.58824e-06	1.78193e-06	1.2587e-06
11.3	1.0172e-06	1.39542e-06	1.22694e-06	1.24384e-06	1.39553e-06	9.85762e-07
11.35	7.93203e-07	1.08813e-06	9.5675e-07	9.69932e-07	1.08822e-06	7.68684e-07
11.4	6.15819e-07	8.44789e-07	7.42792e-07	7.53026e-07	8.44861e-07	5.96783e-07
11.45	4.7597e-07	6.52943e-07	5.74109e-07	5.82019e-07	6.52999e-07	4.61258e-07
11.5	3.66211e-07	5.02374e-07	4.41719e-07	4.47804e-07	5.02417e-07	3.54891e-07
11.55	2.80461e-07	3.84741e-07	3.38288e-07	3.42949e-07	3.84774e-07	2.71792e-07
11.6	2.13781e-07	2.93268e-07	2.57859e-07	2.61412e-07	2.93293e-07	2.07173e-07
11.65	1.62175e-07	2.22474e-07	1.95613e-07	1.98308e-07	2.22493e-07	1.57162e-07
11.7	1.22428e-07	1.67949e-07	1.47671e-07	1.49706e-07	1.67963e-07	1.18644e-07
11.75	9.19656e-08	1.2616e-07	1.10928e-07	1.12456e-07	1.26171e-07	8.91229e-08
11.8	6.87353e-08	9.42921e-08	8.29075e-08	8.40498e-08	9.43001e-08	6.66106e-08
11.85	5.111e-08	7.01135e-08	6.16482e-08	6.24976e-08	7.01195e-08	4.95302e-08
11.9	3.78066e-08	5.18636e-08	4.56017e-08	4.623e-08	5.1868e-08	3.66379e-08
11.95	2.78179e-08	3.81611e-08	3.35536e-08	3.40159e-08	3.81643e-08	2.6958e-08
12	2.03582e-08	2.79277e-08	2.45558e-08	2.48941e-08	2.79301e-08	1.97289e-08
12.05	1.48175e-08	2.03268e-08	1.78726e-08	1.81189e-08	2.03286e-08	1.43594e-08
12.1	1.07247e-08	1.47124e-08	1.2936e-08	1.31143e-08	1.47136e-08	1.03932e-08
12.15	7.71861e-09	1.05885e-08	9.31008e-09	9.43835e-09	1.05894e-08	7.48002e-09
12.2	5.52319e-09	7.5768e-09	6.662e-09	6.75378e-09	7.57744e-09	5.35246e-09
12.25	3.92915e-09	5.39007e-09	4.73928e-09	4.80458e-09	5.39052e-09	3.80769e-09
12.3	2.77858e-09	3.8117e-09	3.35149e-09	3.39766e-09	3.81202e-09	2.69269e-09
12.35	1.95309e-09	2.67928e-09	2.35579e-09	2.38825e-09	2.67951e-09	1.89272e-09
12.4	1.36444e-09	1.87175e-09	1.64576e-09	1.66844e-09	1.87191e-09	1.32226e-09
12.45	9.4727e-10	1.29948e-09	1.14258e-09	1.15833e-09	1.29959e-09	9.17988e-10
12.5	6.53491e-10	8.96469e-10	7.88232e-10	7.99092e-10	8.96545e-10	6.33291e-10
12.55	4.47928e-10	6.14474e-10	5.40284e-10	5.47728e-10	6.14526e-10	4.34082e-10
12.6	3.05024e-10	4.18437e-10	3.67916e-10	3.72985e-10	4.18472e-10	2.95596e-10
12.65	2.06335e-10	2.83054e-10	2.48879e-10	2.52308e-10	2.83078e-10	1.99957e-10
12.7	1.38638e-10	1.90185e-10	1.67223e-10	1.69527e-10	1.90201e-10	1.34352e-10
12.75	9.25147e-11	1.26913e-10	1.1159e-10	1.13127e-10	1.26924e-10	8.9655e-11
12.8	6.13079e-11	8.41031e-11	7.39488e-11	7.49676e-11	8.41103e-11	5.94128e-11
