# Total number of time periods
20
# DataFlag 1=Data, 0=MC
1
# Delta M^2_{32} and uncertainty  (in eV^2)
0.00243  0.00013
# ===============================================================
# First column is time period number, second column is row number
# The nominal period for each set of entries is one week
#
# Row 0 ==>  Start UTC  |  End UTC | Start date and time
# Row 1 ==>  Observed number of events in AD1 to AD6 
# Row 2 ==>  Live time in days for AD1 to AD6
# Row 3 ==>  Muon veto efficiency for AD1 to AD6
# Row 4 ==>  Multiplicity cut efficiency for AD1 to AD6
# Row 5 ==>  6 MeV neutron cut efficiency for AD1 to AD6
# Row 6 ==>  Uncorrelated reactor power uncertainty (relative error in %)
# Row 7 ==>  Total IBD cut efficiency uncertainty (relative error in %)
# Row 8 ==>  Total target mass for AD1 to AD6 (kg)
#### Note: The background estimates are *not* corrected for efficiencies anymore
# Row 9  ==>  Expected number of bkg events per live day (AD1 to AD6)
# Row 10 ==>  Absolute uncertainty on the bkg estimates per live day
# Row 11 ==>  Expected number of accidental events per live day (AD1 to AD6)
# Row 12 ==>  Absolute uncertainty on the accidental bkg per live day
# Row 13 ==>  Expected number of li9/he8 events per live day (AD1 to AD6)
# Row 14 ==>  Absolute uncertainty on the li9/he8 bkg per live day
# Row 15 ==>  Expected number of fast-n events per live day (AD1 to AD6)
# Row 16 ==>  Absolute uncertainty on the fast-n bkg per live day
# Row 17 ==>  Expected number of AmC-corr events per live day (AD1 to AD6)
# Row 18 ==>  Absolute uncertainty on the AmC-corr bkg per live day
# Row 19 ==>  Expected number of alpha-n events per live day (AD1 to AD6)
# Row 20 ==>  Absolute uncertainty on the alpha-n bkg per live day


# ===============================================================
1	0	1324684800	1325289600	2011-12-24 00:00:00
1	1	3489	3425	2551	394	393	391
1	2	6.0004	6.0004	5.9682	5.9655	5.9655	5.9655
1	3	0.8152	0.8118	0.8464	0.98	0.9788	0.9792
1	4	0.97531	0.97569	0.97605	0.97161	0.97123	0.97113
1	5	0.88	0.88	0.88	0.88	0.88	0.88
1	6	0.8	0.8	0.8	0.8	0.8	0.8
1	7	0.3	0.3	0.3	0.3	0.3	0.3
1	8	19941	19966	19891	19913	19991	19892
1	9	14.028	14.423	13.059	4.5256	4.3509	4.104
1	10	1.565	1.565	2.0686	0.38916	0.3883	0.38638
1	11	9.7679	10.173	8.109	3.7156	3.5409	3.294
1	12	0.26225	0.26476	0.24565	0.20603	0.2044	0.20073
1	13	3	3	4	0.5	0.5	0.5
1	14	1.5	1.5	2	0.25	0.25	0.25
1	15	0.98	0.98	0.7	0.07	0.07	0.07
1	16	0.29	0.29	0.42	0.07	0.07	0.07
1	17	0.2	0.2	0.2	0.2	0.2	0.2
1	18	0.2	0.2	0.2	0.2	0.2	0.2
1	19	0.08	0.07	0.05	0.04	0.04	0.04
1	20	0.04	0.04	0.03	0.02	0.02	0.02
2	0	1325289600	1325894400	2011-12-31 00:00:00
2	1	3859	3815	2918	490	464	493
2	2	6.6039	6.6039	6.6177	6.6296	6.6296	6.6296
2	3	0.8149	0.8115	0.8461	0.9808	0.9797	0.9804
2	4	0.97538	0.9757	0.97613	0.97246	0.97201	0.97203
2	5	0.88	0.88	0.88	0.88	0.88	0.88
2	6	0.8	0.8	0.8	0.8	0.8	0.8
2	7	0.3	0.3	0.3	0.3	0.3	0.3
2	8	19941	19966	19891	19913	19991	19892
2	9	14.424	14.296	13.172	4.5277	4.4566	4.1516
2	10	1.5626	1.5619	2.0668	0.38076	0.38064	0.37862
2	11	10.164	10.046	8.2216	3.7177	3.6466	3.3416
2	12	0.2472	0.24601	0.22956	0.18967	0.18943	0.18534
2	13	3	3	4	0.5	0.5	0.5
2	14	1.5	1.5	2	0.25	0.25	0.25
2	15	0.98	0.98	0.7	0.07	0.07	0.07
2	16	0.29	0.29	0.42	0.07	0.07	0.07
2	17	0.2	0.2	0.2	0.2	0.2	0.2
2	18	0.2	0.2	0.2	0.2	0.2	0.2
2	19	0.08	0.07	0.05	0.04	0.04	0.04
2	20	0.04	0.04	0.03	0.02	0.02	0.02
3	0	1325894400	1326499200	2012-01-07 00:00:00
3	1	3831	3823	2987	482	460	440
3	2	6.6082	6.6082	6.5458	6.4983	6.4983	6.4983
3	3	0.815	0.8113	0.8457	0.9818	0.9804	0.9812
3	4	0.97545	0.97574	0.97657	0.97384	0.97343	0.97332
3	5	0.88	0.88	0.88	0.88	0.88	0.88
3	6	0.8	0.8	0.8	0.8	0.8	0.8
3	7	0.3	0.3	0.3	0.3	0.3	0.3
3	8	19941	19966	19891	19913	19991	19892
3	9	14.199	14.255	12.538	4.138	4.267	4.1681
3	10	1.5623	1.5619	2.0663	0.37836	0.37962	0.37901
3	11	9.939	10.005	7.5885	3.328	3.457	3.3581
3	12	0.24577	0.24617	0.2249	0.18482	0.18737	0.18615
3	13	3	3	4	0.5	0.5	0.5
3	14	1.5	1.5	2	0.25	0.25	0.25
3	15	0.98	0.98	0.7	0.07	0.07	0.07
3	16	0.29	0.29	0.42	0.07	0.07	0.07
3	17	0.2	0.2	0.2	0.2	0.2	0.2
3	18	0.2	0.2	0.2	0.2	0.2	0.2
3	19	0.08	0.07	0.05	0.04	0.04	0.04
3	20	0.04	0.04	0.03	0.02	0.02	0.02
4	0	1326499200	1327104000	2012-01-14 00:00:00
4	1	3107	3196	2833	389	376	372
4	2	5.1443	5.1443	5.154	4.9326	4.9326	4.9326
4	3	0.8149	0.8112	0.8466	0.9819	0.9809	0.9813
4	4	0.97545	0.97575	0.977	0.97462	0.97419	0.9741
4	5	0.88	0.88	0.88	0.88	0.88	0.88
4	6	0.8	0.8	0.8	0.8	0.8	0.8
4	7	0.3	0.3	0.3	0.3	0.3	0.3
4	8	19941	19966	19891	19913	19991	19892
4	9	14.694	14.561	12.99	4.1265	4.2709	3.9257
4	10	1.5718	1.5711	2.0719	0.3993	0.40106	0.39801
4	11	10.434	10.311	8.04	3.3165	3.4609	3.1157
4	12	0.29997	0.29893	0.27202	0.22459	0.2277	0.22229
4	13	3	3	4	0.5	0.5	0.5
4	14	1.5	1.5	2	0.25	0.25	0.25
4	15	0.98	0.98	0.7	0.07	0.07	0.07
4	16	0.29	0.29	0.42	0.07	0.07	0.07
4	17	0.2	0.2	0.2	0.2	0.2	0.2
4	18	0.2	0.2	0.2	0.2	0.2	0.2
4	19	0.08	0.07	0.05	0.04	0.04	0.04
4	20	0.04	0.04	0.03	0.02	0.02	0.02
5	0	1327104000	1327708800	2012-01-21 00:00:00
5	1	3787	3787	2455	407	410	399
5	2	6.7682	6.7682	6.7164	6.5469	6.5469	6.5469
5	3	0.8156	0.8115	0.8469	0.9819	0.9806	0.9815
5	4	0.97547	0.97574	0.97707	0.97496	0.97457	0.9745
5	5	0.88	0.88	0.88	0.88	0.88	0.88
5	6	0.8	0.8	0.8	0.8	0.8	0.8
5	7	0.3	0.3	0.3	0.3	0.3	0.3
5	8	19941	19966	19891	19913	19991	19892
5	9	14.172	14.254	12.5	3.9723	4.1336	4.0137
5	10	1.5616	1.5612	2.0658	0.37581	0.37723	0.37649
5	11	9.9115	10.004	7.5503	3.1623	3.3236	3.2037
5	12	0.24125	0.24183	0.22013	0.17953	0.18249	0.18096
5	13	3	3	4	0.5	0.5	0.5
5	14	1.5	1.5	2	0.25	0.25	0.25
5	15	0.98	0.98	0.7	0.07	0.07	0.07
5	16	0.29	0.29	0.42	0.07	0.07	0.07
5	17	0.2	0.2	0.2	0.2	0.2	0.2
5	18	0.2	0.2	0.2	0.2	0.2	0.2
5	19	0.08	0.07	0.05	0.04	0.04	0.04
5	20	0.04	0.04	0.03	0.02	0.02	0.02
6	0	1327708800	1328313600	2012-01-28 00:00:00
6	1	3421	3472	2496	413	428	384
6	2	6.0681	6.0681	6.0809	6.0206	6.0206	6.0206
6	3	0.8152	0.8116	0.8467	0.9821	0.981	0.9817
6	4	0.97547	0.97578	0.97711	0.97549	0.97511	0.97497
6	5	0.88	0.88	0.88	0.88	0.88	0.88
6	6	0.8	0.8	0.8	0.8	0.8	0.8
6	7	0.3	0.3	0.3	0.3	0.3	0.3
6	8	19941	19966	19891	19913	19991	19892
6	9	14.288	14.241	12.195	4.1325	4.1383	3.8872
6	10	1.5649	1.5645	2.0671	0.38193	0.38249	0.38077
6	11	10.028	9.9911	7.2446	3.3225	3.3283	3.0772
6	12	0.26182	0.26181	0.23273	0.19202	0.19313	0.1897
6	13	3	3	4	0.5	0.5	0.5
6	14	1.5	1.5	2	0.25	0.25	0.25
6	15	0.98	0.98	0.7	0.07	0.07	0.07
6	16	0.29	0.29	0.42	0.07	0.07	0.07
6	17	0.2	0.2	0.2	0.2	0.2	0.2
6	18	0.2	0.2	0.2	0.2	0.2	0.2
6	19	0.08	0.07	0.05	0.04	0.04	0.04
6	20	0.04	0.04	0.03	0.02	0.02	0.02
7	0	1328313600	1328918400	2012-02-04 00:00:00
7	1	3676	3689	2737	486	418	469
7	2	6.3574	6.3574	6.4007	6.4015	6.4015	6.4015
7	3	0.8147	0.8111	0.8466	0.9818	0.9808	0.9813
7	4	0.97549	0.97579	0.97714	0.97582	0.97545	0.97528
7	5	0.88	0.88	0.88	0.88	0.88	0.88
7	6	0.8	0.8	0.8	0.8	0.8	0.8
7	7	0.3	0.3	0.3	0.3	0.3	0.3
7	8	19941	19966	19891	19913	19991	19892
7	9	13.97	14.17	12.412	3.8351	4.0825	3.8367
7	10	1.5632	1.5628	2.0664	0.3754	0.37749	0.37591
7	11	9.7096	9.9199	7.4624	3.0251	3.2725	3.0267
7	12	0.25116	0.25197	0.22636	0.17868	0.18302	0.17975
7	13	3	3	4	0.5	0.5	0.5
7	14	1.5	1.5	2	0.25	0.25	0.25
7	15	0.98	0.98	0.7	0.07	0.07	0.07
7	16	0.29	0.29	0.42	0.07	0.07	0.07
7	17	0.2	0.2	0.2	0.2	0.2	0.2
7	18	0.2	0.2	0.2	0.2	0.2	0.2
7	19	0.08	0.07	0.05	0.04	0.04	0.04
7	20	0.04	0.04	0.03	0.02	0.02	0.02
8	0	1328918400	1329523200	2012-02-11 00:00:00
8	1	3960	4081	3589	542	572	568
8	2	6.6677	6.6677	6.6785	6.5782	6.5782	6.5782
8	3	0.8144	0.8109	0.8466	0.9815	0.9807	0.9808
8	4	0.97563	0.97592	0.97718	0.97593	0.97558	0.97537
8	5	0.88	0.88	0.88	0.88	0.88	0.88
8	6	0.8	0.8	0.8	0.8	0.8	0.8
8	7	0.3	0.3	0.3	0.3	0.3	0.3
8	8	19941	19966	19891	19913	19991	19892
8	9	14.232	14.43	12.672	3.883	3.8855	3.7411
8	10	1.5633	1.563	2.0661	0.37481	0.37499	0.37474
8	11	9.9716	10.18	7.7224	3.073	3.0755	2.9311
8	12	0.25156	0.25303	0.2229	0.17743	0.17781	0.17729
8	13	3	3	4	0.5	0.5	0.5
8	14	1.5	1.5	2	0.25	0.25	0.25
8	15	0.98	0.98	0.7	0.07	0.07	0.07
8	16	0.29	0.29	0.42	0.07	0.07	0.07
8	17	0.2	0.2	0.2	0.2	0.2	0.2
8	18	0.2	0.2	0.2	0.2	0.2	0.2
8	19	0.08	0.07	0.05	0.04	0.04	0.04
8	20	0.04	0.04	0.03	0.02	0.02	0.02
9	0	1329523200	1330128000	2012-02-18 00:00:00
9	1	3998	4080	3696	528	614	549
9	2	6.6082	6.6082	6.6165	6.5388	6.5388	6.5388
9	3	0.8142	0.8103	0.8465	0.9813	0.9804	0.9805
9	4	0.97546	0.97588	0.97715	0.97609	0.97567	0.97557
9	5	0.88	0.88	0.88	0.88	0.88	0.88
9	6	0.8	0.8	0.8	0.8	0.8	0.8
9	7	0.3	0.3	0.3	0.3	0.3	0.3
9	8	19941	19966	19891	19913	19991	19892
9	9	14.248	14.2	12.609	4.0042	3.904	3.8496
9	10	1.5624	1.5618	2.066	0.37502	0.37469	0.37445
9	11	9.988	9.9498	7.6587	3.1942	3.094	3.0396
9	12	0.24603	0.2455	0.22256	0.17788	0.17719	0.17667
9	13	3	3	4	0.5	0.5	0.5
9	14	1.5	1.5	2	0.25	0.25	0.25
9	15	0.98	0.98	0.7	0.07	0.07	0.07
9	16	0.29	0.29	0.42	0.07	0.07	0.07
9	17	0.2	0.2	0.2	0.2	0.2	0.2
9	18	0.2	0.2	0.2	0.2	0.2	0.2
9	19	0.08	0.07	0.05	0.04	0.04	0.04
9	20	0.04	0.04	0.03	0.02	0.02	0.02
10	0	1330128000	1330732800	2012-02-25 00:00:00
10	1	4141	4015	3859	592	592	565
10	2	6.7041	6.7041	6.6901	6.6617	6.6617	6.6617
10	3	0.8142	0.8103	0.8459	0.9811	0.9804	0.9802
10	4	0.97549	0.97591	0.97715	0.97613	0.97593	0.97581
10	5	0.88	0.88	0.88	0.88	0.88	0.88
10	6	0.8	0.8	0.8	0.8	0.8	0.8
10	7	0.3	0.3	0.3	0.3	0.3	0.3
10	8	19941	19966	19891	19913	19991	19892
10	9	14.497	14.346	12.796	3.8487	3.915	3.6727
10	10	1.5623	1.5614	2.066	0.37282	0.37344	0.37188
10	11	10.237	10.096	7.8457	3.0387	3.105	2.8627
10	12	0.24527	0.24271	0.22278	0.1732	0.17452	0.17116
10	13	3	3	4	0.5	0.5	0.5
10	14	1.5	1.5	2	0.25	0.25	0.25
10	15	0.98	0.98	0.7	0.07	0.07	0.07
10	16	0.29	0.29	0.42	0.07	0.07	0.07
10	17	0.2	0.2	0.2	0.2	0.2	0.2
10	18	0.2	0.2	0.2	0.2	0.2	0.2
10	19	0.08	0.07	0.05	0.04	0.04	0.04
10	20	0.04	0.04	0.03	0.02	0.02	0.02
11	0	1330732800	1331337600	2012-03-03 00:00:00
11	1	4044	4192	3850	597	559	508
11	2	6.616	6.616	6.6309	6.533	6.533	6.533
11	3	0.8144	0.8111	0.8469	0.9809	0.9805	0.9802
11	4	0.97562	0.97593	0.9772	0.9762	0.97608	0.97594
11	5	0.88	0.88	0.88	0.88	0.88	0.88
11	6	0.8	0.8	0.8	0.8	0.8	0.8
11	7	0.3	0.3	0.3	0.3	0.3	0.3
11	8	19941	19966	19891	19913	19991	19892
11	9	14.385	14.061	12.521	3.8001	3.848	3.6753
11	10	1.5625	1.5615	2.066	0.37363	0.37404	0.37294
11	11	10.125	9.811	7.5708	2.9901	3.038	2.8653
11	12	0.24657	0.24345	0.22216	0.17493	0.1758	0.17344
11	13	3	3	4	0.5	0.5	0.5
11	14	1.5	1.5	2	0.25	0.25	0.25
11	15	0.98	0.98	0.7	0.07	0.07	0.07
11	16	0.29	0.29	0.42	0.07	0.07	0.07
11	17	0.2	0.2	0.2	0.2	0.2	0.2
11	18	0.2	0.2	0.2	0.2	0.2	0.2
11	19	0.08	0.07	0.05	0.04	0.04	0.04
11	20	0.04	0.04	0.03	0.02	0.02	0.02
12	0	1331337600	1331942400	2012-03-10 00:00:00
12	1	4067	4058	3898	584	587	538
12	2	6.6951	6.6951	6.6665	6.7045	6.7045	6.7045
12	3	0.8145	0.8109	0.8468	0.981	0.9805	0.9804
12	4	0.97562	0.97593	0.97728	0.97633	0.97621	0.97602
12	5	0.88	0.88	0.88	0.88	0.88	0.88
12	6	0.8	0.8	0.8	0.8	0.8	0.8
12	7	0.3	0.3	0.3	0.3	0.3	0.3
12	8	19941	19966	19891	19913	19991	19892
12	9	14.223	14.125	12.684	3.7544	3.6346	3.6866
12	10	1.5618	1.5613	2.0659	0.37164	0.37094	0.37142
12	11	9.9635	9.8746	7.734	2.9444	2.8246	2.8766
12	12	0.24251	0.24221	0.2215	0.17064	0.16911	0.17015
12	13	3	3	4	0.5	0.5	0.5
12	14	1.5	1.5	2	0.25	0.25	0.25
12	15	0.98	0.98	0.7	0.07	0.07	0.07
12	16	0.29	0.29	0.42	0.07	0.07	0.07
12	17	0.2	0.2	0.2	0.2	0.2	0.2
12	18	0.2	0.2	0.2	0.2	0.2	0.2
12	19	0.08	0.07	0.05	0.04	0.04	0.04
12	20	0.04	0.04	0.03	0.02	0.02	0.02
13	0	1331942400	1332547200	2012-03-17 00:00:00
13	1	4085	4133	3753	633	536	560
13	2	6.5724	6.5724	6.5104	6.454	6.454	6.454
13	3	0.8138	0.8107	0.8466	0.981	0.9806	0.9803
13	4	0.97564	0.97597	0.9773	0.97644	0.97633	0.97613
13	5	0.88	0.88	0.88	0.88	0.88	0.88
13	6	0.8	0.8	0.8	0.8	0.8	0.8
13	7	0.3	0.3	0.3	0.3	0.3	0.3
13	8	19941	19966	19891	19913	19991	19892
13	9	14.094	14.196	12.581	3.819	3.7566	3.6753
13	10	1.5623	1.5618	2.0662	0.37422	0.37389	0.37354
13	11	9.8337	9.9458	7.6314	3.009	2.9466	2.8653
13	12	0.24544	0.24518	0.22438	0.17617	0.17549	0.17473
13	13	3	3	4	0.5	0.5	0.5
13	14	1.5	1.5	2	0.25	0.25	0.25
13	15	0.98	0.98	0.7	0.07	0.07	0.07
13	16	0.29	0.29	0.42	0.07	0.07	0.07
13	17	0.2	0.2	0.2	0.2	0.2	0.2
13	18	0.2	0.2	0.2	0.2	0.2	0.2
13	19	0.08	0.07	0.05	0.04	0.04	0.04
13	20	0.04	0.04	0.03	0.02	0.02	0.02
14	0	1332547200	1333152000	2012-03-24 00:00:00
14	1	3959	4027	3704	547	562	536
14	2	6.6097	6.6097	6.6063	6.579	6.579	6.579
14	3	0.8143	0.8108	0.8469	0.9795	0.979	0.979
14	4	0.97548	0.97598	0.97731	0.97669	0.97649	0.9763
14	5	0.88	0.88	0.88	0.88	0.88	0.88
14	6	0.8	0.8	0.8	0.8	0.8	0.8
14	7	0.3	0.3	0.3	0.3	0.3	0.3
14	8	19941	19966	19891	19913	19991	19892
14	9	14.135	14.16	12.772	3.7347	3.8002	3.7667
14	10	1.5622	1.5616	2.0662	0.37232	0.37297	0.37287
14	11	9.8746	9.9097	7.8217	2.9247	2.9902	2.9567
14	12	0.24516	0.24422	0.22457	0.1721	0.17351	0.17329
14	13	3	3	4	0.5	0.5	0.5
14	14	1.5	1.5	2	0.25	0.25	0.25
14	15	0.98	0.98	0.7	0.07	0.07	0.07
14	16	0.29	0.29	0.42	0.07	0.07	0.07
14	17	0.2	0.2	0.2	0.2	0.2	0.2
14	18	0.2	0.2	0.2	0.2	0.2	0.2
14	19	0.08	0.07	0.05	0.04	0.04	0.04
14	20	0.04	0.04	0.03	0.02	0.02	0.02
15	0	1333152000	1333756800	2012-03-31 00:00:00
15	1	3982	4132	3657	559	538	523
15	2	6.6219	6.6219	6.5845	6.5161	6.5161	6.5161
15	3	0.8144	0.8113	0.8466	0.9796	0.9795	0.9791
15	4	0.97559	0.97598	0.9773	0.97682	0.97645	0.97638
15	5	0.88	0.88	0.88	0.88	0.88	0.88
15	6	0.8	0.8	0.8	0.8	0.8	0.8
15	7	0.3	0.3	0.3	0.3	0.3	0.3
15	8	19941	19966	19891	19913	19991	19892
15	9	14.527	14.246	12.738	3.8169	3.684	3.7438
15	10	1.5625	1.5617	2.0661	0.3733	0.37275	0.37326
15	11	10.267	9.9961	7.7882	3.0069	2.874	2.9338
15	12	0.24683	0.24492	0.22336	0.17423	0.17303	0.17414
15	13	3	3	4	0.5	0.5	0.5
15	14	1.5	1.5	2	0.25	0.25	0.25
15	15	0.98	0.98	0.7	0.07	0.07	0.07
15	16	0.29	0.29	0.42	0.07	0.07	0.07
15	17	0.2	0.2	0.2	0.2	0.2	0.2
15	18	0.2	0.2	0.2	0.2	0.2	0.2
15	19	0.08	0.07	0.05	0.04	0.04	0.04
15	20	0.04	0.04	0.03	0.02	0.02	0.02
16	0	1333756800	1334361600	2012-04-07 00:00:00
16	1	1938	1894	2903	371	384	406
16	2	5.2226	5.2226	5.1865	5.1388	5.1388	5.1388
16	3	0.815	0.8128	0.8481	0.9799	0.9797	0.9795
16	4	0.97569	0.97599	0.97739	0.97698	0.97672	0.97647
16	5	0.88	0.88	0.88	0.88	0.88	0.88
16	6	0.8	0.8	0.8	0.8	0.8	0.8
16	7	0.3	0.3	0.3	0.3	0.3	0.3
16	8	19941	19966	19891	19913	19991	19892
16	9	13.867	13.688	12.595	3.6716	3.6746	3.6513
16	10	1.5682	1.5673	2.0709	0.38551	0.38548	0.38567
16	11	9.6072	9.4382	7.6447	2.8616	2.8646	2.8413
16	12	0.28058	0.27847	0.26373	0.19905	0.19899	0.19935
16	13	3	3	4	0.5	0.5	0.5
16	14	1.5	1.5	2	0.25	0.25	0.25
16	15	0.98	0.98	0.7	0.07	0.07	0.07
16	16	0.29	0.29	0.42	0.07	0.07	0.07
16	17	0.2	0.2	0.2	0.2	0.2	0.2
16	18	0.2	0.2	0.2	0.2	0.2	0.2
16	19	0.08	0.07	0.05	0.04	0.04	0.04
16	20	0.04	0.04	0.03	0.02	0.02	0.02
17	0	1334361600	1334966400	2012-04-14 00:00:00
17	1	2454	2519	3668	440	531	489
17	2	6.6875	6.6875	6.6985	6.5951	6.5951	6.5951
17	3	0.8136	0.811	0.8474	0.9799	0.9797	0.9795
17	4	0.97568	0.97601	0.9773	0.97699	0.97675	0.97656
17	5	0.88	0.88	0.88	0.88	0.88	0.88
17	6	0.8	0.8	0.8	0.8	0.8	0.8
17	7	0.3	0.3	0.3	0.3	0.3	0.3
17	8	19941	19966	19891	19913	19991	19892
17	9	13.79	13.273	12.782	3.7102	3.5248	3.6794
17	10	1.5619	1.5609	2.0661	0.37288	0.37176	0.37298
17	11	9.5305	9.0228	7.8318	2.9002	2.7148	2.8694
17	12	0.24287	0.23935	0.22353	0.17331	0.1709	0.17354
17	13	3	3	4	0.5	0.5	0.5
17	14	1.5	1.5	2	0.25	0.25	0.25
17	15	0.98	0.98	0.7	0.07	0.07	0.07
17	16	0.29	0.29	0.42	0.07	0.07	0.07
17	17	0.2	0.2	0.2	0.2	0.2	0.2
17	18	0.2	0.2	0.2	0.2	0.2	0.2
17	19	0.08	0.07	0.05	0.04	0.04	0.04
17	20	0.04	0.04	0.03	0.02	0.02	0.02
18	0	1334966400	1335571200	2012-04-21 00:00:00
18	1	2453	2480	3763	487	445	470
18	2	6.64	6.64	6.634	6.6234	6.6234	6.6234
18	3	0.8142	0.8123	0.8474	0.9803	0.9801	0.9798
18	4	0.97567	0.97601	0.97742	0.97713	0.97683	0.97666
18	5	0.88	0.88	0.88	0.88	0.88	0.88
18	6	0.8	0.8	0.8	0.8	0.8	0.8
18	7	0.3	0.3	0.3	0.3	0.3	0.3
18	8	19941	19966	19891	19913	19991	19892
18	9	13.426	13.364	12.425	3.6168	3.6884	3.5206
18	10	1.5613	1.5607	2.0657	0.37071	0.37147	0.37048
18	11	9.1658	9.1141	7.4749	2.8068	2.8784	2.7106
18	12	0.23882	0.23827	0.2192	0.1686	0.17026	0.1681
18	13	3	3	4	0.5	0.5	0.5
18	14	1.5	1.5	2	0.25	0.25	0.25
18	15	0.98	0.98	0.7	0.07	0.07	0.07
18	16	0.29	0.29	0.42	0.07	0.07	0.07
18	17	0.2	0.2	0.2	0.2	0.2	0.2
18	18	0.2	0.2	0.2	0.2	0.2	0.2
18	19	0.08	0.07	0.05	0.04	0.04	0.04
18	20	0.04	0.04	0.03	0.02	0.02	0.02
19	0	1335571200	1336176000	2012-04-28 00:00:00
19	1	2341	2404	3558	456	468	445
19	2	6.4913	6.4913	6.5073	6.4736	6.4736	6.4736
19	3	0.8152	0.8129	0.8472	0.9801	0.9801	0.9797
19	4	0.97565	0.97599	0.97737	0.97723	0.97689	0.97678
19	5	0.88	0.88	0.88	0.88	0.88	0.88
19	6	0.8	0.8	0.8	0.8	0.8	0.8
19	7	0.3	0.3	0.3	0.3	0.3	0.3
19	8	19941	19966	19891	19913	19991	19892
19	9	14.162	13.271	12.647	3.6767	3.6178	3.5873
19	10	1.5626	1.5611	2.0664	0.37245	0.3723	0.3721
19	11	9.9023	9.0208	7.6966	2.8667	2.8078	2.7773
19	12	0.24756	0.24094	0.22589	0.1724	0.17206	0.17164
19	13	3	3	4	0.5	0.5	0.5
19	14	1.5	1.5	2	0.25	0.25	0.25
19	15	0.98	0.98	0.7	0.07	0.07	0.07
19	16	0.29	0.29	0.42	0.07	0.07	0.07
19	17	0.2	0.2	0.2	0.2	0.2	0.2
19	18	0.2	0.2	0.2	0.2	0.2	0.2
19	19	0.08	0.07	0.05	0.04	0.04	0.04
19	20	0.04	0.04	0.03	0.02	0.02	0.02
20	0	1336176000	1336780800	2012-05-05 00:00:00
20	1	2103	2172	2997	422	393	413
20	2	5.8595	5.8595	5.8858	5.8771	5.8771	5.8771
20	3	0.8152	0.8133	0.8474	0.9802	0.9802	0.9799
20	4	0.97567	0.97603	0.97739	0.97718	0.97691	0.97673
20	5	0.88	0.88	0.88	0.88	0.88	0.88
20	6	0.8	0.8	0.8	0.8	0.8	0.8
20	7	0.3	0.3	0.3	0.3	0.3	0.3
20	8	19941	19966	19891	19913	19991	19892
20	9	13.908	13.615	12.543	3.7497	3.5836	3.6425
20	10	1.5646	1.5637	2.0675	0.37733	0.376	0.37659
20	11	9.6476	9.3647	7.5932	2.9397	2.7736	2.8325
20	12	0.25973	0.25713	0.23593	0.18269	0.17994	0.18117
20	13	3	3	4	0.5	0.5	0.5
20	14	1.5	1.5	2	0.25	0.25	0.25
20	15	0.98	0.98	0.7	0.07	0.07	0.07
20	16	0.29	0.29	0.42	0.07	0.07	0.07
20	17	0.2	0.2	0.2	0.2	0.2	0.2
20	18	0.2	0.2	0.2	0.2	0.2	0.2
20	19	0.08	0.07	0.05	0.04	0.04	0.04
20	20	0.04	0.04	0.03	0.02	0.02	0.02

