1 1 0 0 0 1.48298e+20 1.32007e+20 1.12113e+20 9.5227e+19 7.71205e+19 6.50956e+19 5.43028e+19 4.48008e+19 3.68524e+19 2.95382e+19 2.34506e+19 1.85585e+19 1.4175e+19 1.08319e+19 8.44913e+18 6.62474e+18 4.95139e+18 3.90673e+18 2.86867e+18 2.06495e+18 1.57513e+18 1.17311e+18 8.21818e+17 5.25197e+17 3.35264e+17 2.04851e+17 1.19929e+17 7.08352e+16 4.22304e+16 2.54225e+16 1.54569e+16 9.49225e+15 5.88729e+15 8.96162e+20
1 1 0 0 0 1.48089e+20 1.31815e+20 1.11953e+20 9.50943e+19 7.70097e+19 6.50076e+19 5.42272e+19 4.47309e+19 3.67951e+19 2.94916e+19 2.34114e+19 1.85282e+19 1.41498e+19 1.08118e+19 8.43228e+18 6.61138e+18 4.94129e+18 3.89871e+18 2.86211e+18 2.05972e+18 1.57125e+18 1.17021e+18 8.19714e+17 5.23854e+17 3.34375e+17 2.04223e+17 1.19606e+17 7.06721e+16 4.21502e+16 2.53847e+16 1.54403e+16 9.4859e+15 5.88568e+15 8.94833e+20
1 1 0 0 0 1.47838e+20 1.31585e+20 1.11761e+20 9.49344e+19 7.68768e+19 6.49011e+19 5.41359e+19 4.46478e+19 3.6727e+19 2.94364e+19 2.33652e+19 1.84925e+19 1.41204e+19 1.07884e+19 8.41284e+18 6.596e+18 4.92968e+18 3.88949e+18 2.85464e+18 2.05382e+18 1.56686e+18 1.16692e+18 8.17344e+17 5.2234e+17 3.33376e+17 2.03525e+17 1.19244e+17 7.04866e+16 4.20573e+16 2.53395e+16 1.54194e+16 9.47703e+15 5.88257e+15 8.93245e+20
1 1 0 0 0 1.48142e+20 1.31849e+20 1.11989e+20 9.51312e+19 7.70328e+19 6.50384e+19 5.42481e+19 4.47326e+19 3.67971e+19 2.94919e+19 2.34069e+19 1.85263e+19 1.41442e+19 1.08056e+19 8.42511e+18 6.60547e+18 4.93664e+18 3.89492e+18 2.85795e+18 2.05568e+18 1.56839e+18 1.16804e+18 8.18062e+17 5.22799e+17 3.33637e+17 2.03598e+17 1.19332e+17 7.0567e+16 4.21226e+16 2.53894e+16 1.54562e+16 9.50361e+15 5.90142e+15 8.95014e+20
1 1 0 0 0 1.47756e+20 1.31499e+20 1.11696e+20 9.48849e+19 7.68298e+19 6.48729e+19 5.41076e+19 4.46086e+19 3.66953e+19 2.94096e+19 2.33391e+19 1.84736e+19 1.41017e+19 1.07722e+19 8.3978e+18 6.58391e+18 4.9204e+18 3.88204e+18 2.84777e+18 2.04782e+18 1.5625e+18 1.16364e+18 8.14906e+17 5.20782e+17 3.32315e+17 2.02699e+17 1.18854e+17 7.03138e+16 4.19897e+16 2.53206e+16 1.54211e+16 9.48614e+15 5.89305e+15 8.92609e+20
1 1 0 0 0 1.47774e+20 1.3151e+20 1.11709e+20 9.48987e+19 7.68378e+19 6.4885e+19 5.41154e+19 4.46076e+19 3.66946e+19 2.94084e+19 2.3336e+19 1.84719e+19 1.40984e+19 1.07687e+19 8.39399e+18 6.58078e+18 4.91795e+18 3.88005e+18 2.84565e+18 2.04578e+18 1.56106e+18 1.16255e+18 8.14076e+17 5.20249e+17 3.31945e+17 2.0239e+17 1.18716e+17 7.02593e+16 4.19739e+16 2.53212e+16 1.54277e+16 9.49393e+15 5.90015e+15 8.92659e+20
1 1 0 0 0 1.47656e+20 1.314e+20 1.11618e+20 9.48242e+19 7.67745e+19 6.48365e+19 5.40727e+19 4.45656e+19 3.66602e+19 2.93802e+19 2.33116e+19 1.84533e+19 1.40824e+19 1.07557e+19 8.38278e+18 6.57186e+18 4.91118e+18 3.87465e+18 2.84109e+18 2.04205e+18 1.5583e+18 1.16047e+18 8.12567e+17 5.19283e+17 3.313e+17 2.0192e+17 1.1848e+17 7.01446e+16 4.19205e+16 2.52983e+16 1.54194e+16 9.4922e+15 5.90112e+15 8.91884e+20
1 1 0 0 0 1.47398e+20 1.31165e+20 1.11421e+20 9.46604e+19 7.66388e+19 6.4727e+19 5.39791e+19 4.44814e+19 3.65912e+19 2.93242e+19 2.32651e+19 1.84172e+19 1.4053e+19 1.07323e+19 8.36352e+18 6.55663e+18 4.89969e+18 3.86552e+18 2.83377e+18 2.03631e+18 1.55402e+18 1.15727e+18 8.10262e+17 5.17808e+17 3.3033e+17 2.01249e+17 1.18128e+17 6.99619e+16 4.18271e+16 2.52515e+16 1.53967e+16 9.48179e+15 5.89677e+15 8.90266e+20
1 1 0 0 0 1.46852e+20 1.30673e+20 1.11007e+20 9.43115e+19 7.63533e+19 6.44913e+19 5.37803e+19 4.43101e+19 3.64505e+19 2.92108e+19 2.31729e+19 1.8345e+19 1.39959e+19 1.06878e+19 8.32771e+18 6.5284e+18 4.87849e+18 3.84871e+18 2.82079e+18 2.02647e+18 1.54662e+18 1.15174e+18 8.06324e+17 5.15289e+17 3.28692e+17 2.00167e+17 1.17538e+17 6.96398e+16 4.16515e+16 2.51558e+16 1.53446e+16 9.45347e+15 5.88142e+15 8.86906e+20
1 1 0 0 0 1.47299e+20 1.31065e+20 1.11343e+20 9.46e+19 7.65838e+19 6.46914e+19 5.39448e+19 4.44385e+19 3.65563e+19 2.92949e+19 2.32375e+19 1.83969e+19 1.40335e+19 1.07157e+19 8.34828e+18 6.54439e+18 4.89032e+18 3.85797e+18 2.82693e+18 2.03037e+18 1.5497e+18 1.15402e+18 8.07855e+17 5.16266e+17 3.29284e+17 2.00446e+17 1.17746e+17 6.97899e+16 4.17577e+16 2.52301e+16 1.5396e+16 9.48886e+15 5.90566e+15 8.89542e+20
1 1 0 0 0 1.47214e+20 1.30983e+20 1.11278e+20 9.45471e+19 7.6538e+19 6.4658e+19 5.39147e+19 4.44065e+19 3.65301e+19 2.92733e+19 2.32183e+19 1.83825e+19 1.40205e+19 1.07049e+19 8.3388e+18 6.53681e+18 4.88455e+18 3.85334e+18 2.8229e+18 2.02698e+18 1.54721e+18 1.15215e+18 8.06484e+17 5.15386e+17 3.28693e+17 2.00006e+17 1.1753e+17 6.96885e+16 4.17133e+16 2.52132e+16 1.53917e+16 9.48979e+15 5.9084e+15 8.88967e+20
1 1 0 0 0 1.46942e+20 1.30736e+20 1.11071e+20 9.43744e+19 7.63952e+19 6.45427e+19 5.38162e+19 4.43182e+19 3.64577e+19 2.92146e+19 2.31696e+19 1.83447e+19 1.39898e+19 1.06805e+19 8.31871e+18 6.52091e+18 4.87256e+18 3.84381e+18 2.81527e+18 2.021e+18 1.54275e+18 1.1488e+18 8.04082e+17 5.13848e+17 3.27683e+17 1.99309e+17 1.17164e+17 6.94983e+16 4.16158e+16 2.51642e+16 1.53679e+16 9.47874e+15 5.90369e+15 8.87266e+20
1 1 0 0 0 1.47038e+20 1.30816e+20 1.11143e+20 9.44381e+19 7.64439e+19 6.45891e+19 5.38526e+19 4.43412e+19 3.64768e+19 2.92292e+19 2.31792e+19 1.8353e+19 1.39942e+19 1.0683e+19 8.31956e+18 6.52144e+18 4.87284e+18 3.84395e+18 2.81475e+18 2.02013e+18 1.54219e+18 1.14837e+18 8.03713e+17 5.13608e+17 3.27501e+17 1.99118e+17 1.17094e+17 6.94833e+16 4.16229e+16 2.51782e+16 1.53823e+16 9.49123e+15 5.91361e+15 8.87789e+20
1 1 0 0 0 1.46895e+20 1.30683e+20 1.11032e+20 9.43475e+19 7.63677e+19 6.453e+19 5.3801e+19 4.42916e+19 3.64361e+19 2.9196e+19 2.31507e+19 1.83312e+19 1.39756e+19 1.06679e+19 8.30676e+18 6.51125e+18 4.86512e+18 3.83778e+18 2.80959e+18 2.01593e+18 1.53909e+18 1.14603e+18 8.02018e+17 5.12521e+17 3.26777e+17 1.98597e+17 1.16831e+17 6.93539e+16 4.15617e+16 2.51511e+16 1.53718e+16 9.48831e+15 5.91394e+15 8.8686e+20
1 1 0 0 0 1.46982e+20 1.30755e+20 1.11098e+20 9.44056e+19 7.64118e+19 6.45725e+19 5.38342e+19 4.43117e+19 3.64529e+19 2.92088e+19 2.31588e+19 1.83384e+19 1.39791e+19 1.06697e+19 8.30705e+18 6.51132e+18 4.86507e+18 3.83765e+18 2.80886e+18 2.0149e+18 1.5384e+18 1.1455e+18 8.01585e+17 5.1224e+17 3.26568e+17 1.98389e+17 1.16752e+17 6.93335e+16 4.15658e+16 2.51635e+16 1.53853e+16 9.5003e+15 5.92357e+15 8.87329e+20
1 1 0 0 0 2.39999e+15 2.13497e+15 1.81404e+15 1.54151e+15 1.24767e+15 1.0544e+15 8.79035e+14 7.2348e+14 5.9517e+14 4.76888e+14 3.7809e+14 2.994e+14 2.2821e+14 1.74176e+14 1.35597e+14 1.06283e+14 7.94108e+13 6.26398e+13 4.58416e+13 3.2879e+13 2.51046e+13 1.86928e+13 1.308e+13 8.35853e+12 5.32853e+12 3.23628e+12 1.90498e+12 1.13152e+12 6.78505e+11 4.10854e+11 2.51258e+11 1.55183e+11 9.67792e+10 1.44881e+16
1 1 0 0 0 0 0 0 0 0 0 0 0 0 0 0 0 0 0 0 0 0 0 0 0 0 0 0 0 0 0 0 0 0 0 0 0 0 0
1 1 0 0 0 0 0 0 0 0 0 0 0 0 0 0 0 0 0 0 0 0 0 0 0 0 0 0 0 0 0 0 0 0 0 0 0 0 0
1 1 0 0 0 0 0 0 0 0 0 0 0 0 0 0 0 0 0 0 0 0 0 0 0 0 0 0 0 0 0 0 0 0 0 0 0 0 0
1 1 0 0 0 0 0 0 0 0 0 0 0 0 0 0 0 0 0 0 0 0 0 0 0 0 0 0 0 0 0 0 0 0 0 0 0 0 0
1 1 0 0 0 0 0 0 0 0 0 0 0 0 0 0 0 0 0 0 0 0 0 0 0 0 0 0 0 0 0 0 0 0 0 0 0 0 0
1 1 0 0 0 0 0 0 0 0 0 0 0 0 0 0 0 0 0 0 0 0 0 0 0 0 0 0 0 0 0 0 0 0 0 0 0 0 0
1 1 0 0 0 5.49558e+16 4.89055e+16 4.15541e+16 3.53116e+16 2.85807e+16 2.41509e+16 2.01318e+16 1.65679e+16 1.36284e+16 1.092e+16 8.65767e+15 6.85577e+15 5.22565e+15 3.98833e+15 3.10494e+15 2.43371e+15 1.81838e+15 1.43435e+15 1.0497e+15 7.52876e+14 5.74854e+14 4.28035e+14 2.9951e+14 1.91397e+14 1.22015e+14 7.41056e+13 4.36206e+13 2.591e+13 1.55367e+13 9.40788e+12 5.7534e+12 3.55345e+12 2.21609e+12 3.31823e+17
1 1 0 0 0 8.99585e+19 8.00923e+19 6.78942e+19 5.75594e+19 4.6891e+19 3.93462e+19 3.2954e+19 2.76384e+19 2.27117e+19 1.82304e+19 1.46277e+19 1.15214e+19 8.91309e+18 6.8595e+18 5.41653e+18 4.25048e+18 3.18365e+18 2.50708e+18 1.88051e+18 1.37718e+18 1.04527e+18 7.77898e+17 5.49122e+17 3.49693e+17 2.25186e+17 1.42566e+17 8.09743e+16 4.62685e+16 2.66142e+16 1.54208e+16 9.00592e+15 5.30409e+15 3.15177e+15 5.47089e+20
1 1 0 0 0 1.56077e+20 1.38988e+20 1.17826e+20 9.98953e+19 8.13563e+19 6.82804e+19 5.71783e+19 4.792e+19 3.93803e+19 3.16091e+19 2.53502e+19 1.99716e+19 1.54423e+19 1.18812e+19 9.37703e+18 7.35831e+18 5.51103e+18 4.3405e+18 3.25279e+18 2.38078e+18 1.80733e+18 1.34516e+18 9.49254e+17 6.04675e+17 3.89241e+17 2.46095e+17 1.39953e+17 8.00827e+16 4.61381e+16 2.67807e+16 1.56706e+16 9.24865e+15 5.50796e+15 9.49041e+20
1 1 0 0 0 1.56105e+20 1.39024e+20 1.17858e+20 9.99243e+19 8.13695e+19 6.82968e+19 5.71879e+19 4.79142e+19 3.9376e+19 3.16051e+19 2.5342e+19 1.99669e+19 1.54355e+19 1.18746e+19 9.36994e+18 7.35273e+18 5.50665e+18 4.33734e+18 3.24929e+18 2.37767e+18 1.8051e+18 1.34354e+18 9.4799e+17 6.03927e+17 3.88703e+17 2.45617e+17 1.39745e+17 8.00058e+16 4.61207e+16 2.67881e+16 1.56861e+16 9.26493e+15 5.52223e+15 9.49132e+20
1 1 0 0 0 1.55399e+20 1.38418e+20 1.17347e+20 9.94928e+19 8.09989e+19 6.7995e+19 5.69277e+19 4.76708e+19 3.9177e+19 3.14442e+19 2.52038e+19 1.98612e+19 1.53479e+19 1.18048e+19 9.31146e+18 7.30682e+18 5.47191e+18 4.31051e+18 3.22712e+18 2.36045e+18 1.79226e+18 1.33406e+18 9.41082e+17 5.99627e+17 3.85833e+17 2.43554e+17 1.38687e+17 7.94747e+16 4.58631e+16 2.66697e+16 1.56369e+16 9.24878e+15 5.52081e+15 9.44693e+20
1 1 0 0 0 1.55125e+20 1.38197e+20 1.17161e+20 9.93373e+19 8.08538e+19 6.7881e+19 5.68247e+19 4.7561e+19 3.90876e+19 3.13711e+19 2.51367e+19 1.9811e+19 1.53037e+19 1.17686e+19 9.27977e+18 7.28193e+18 5.45291e+18 4.29605e+18 3.21442e+18 2.35023e+18 1.78471e+18 1.32851e+18 9.3696e+17 5.97084e+17 3.84103e+17 2.42229e+17 1.38034e+17 7.91669e+16 4.57285e+16 2.66193e+16 1.56252e+16 9.25332e+15 5.53083e+15 9.42889e+20
1 1 0 0 0 1.51674e+20 1.35147e+20 1.14577e+20 9.7147e+19 7.90536e+19 6.63768e+19 5.55583e+19 4.6479e+19 3.8199e+19 3.06567e+19 2.45563e+19 1.93561e+19 1.49472e+19 1.14923e+19 9.05898e+18 7.10865e+18 5.32282e+18 4.19404e+18 3.13632e+18 2.29225e+18 1.74088e+18 1.29595e+18 9.13803e+17 5.82405e+17 3.74571e+17 2.35998e+17 1.34579e+17 7.72477e+16 4.46603e+16 2.60235e+16 1.52922e+16 9.06683e+15 5.42619e+15 9.2179e+20
1 1 0 0 0 1.53483e+20 1.36784e+20 1.15966e+20 9.83267e+19 7.99967e+19 6.71762e+19 5.62203e+19 4.70108e+19 3.86369e+19 3.1007e+19 2.48291e+19 1.95738e+19 1.51102e+19 1.16156e+19 9.1532e+18 7.18255e+18 5.37784e+18 4.23783e+18 3.16729e+18 2.31401e+18 1.75761e+18 1.30847e+18 9.22437e+17 5.87992e+17 3.78076e+17 2.37989e+17 1.35816e+17 7.80227e+16 4.51504e+16 2.63361e+16 1.54932e+16 9.19708e+15 5.51114e+15 9.32677e+20
1 1 0 0 0 1.53248e+20 1.366e+20 1.15812e+20 9.81977e+19 7.98759e+19 6.70822e+19 5.61348e+19 4.69182e+19 3.85615e+19 3.09456e+19 2.47725e+19 1.95318e+19 1.5073e+19 1.15849e+19 9.12615e+18 7.16128e+18 5.36163e+18 4.22546e+18 3.1563e+18 2.30512e+18 1.75106e+18 1.30365e+18 9.18862e+17 5.858e+17 3.7658e+17 2.36841e+17 1.35261e+17 7.77694e+16 4.50459e+16 2.6302e+16 1.54904e+16 9.20629e+15 5.52356e+15 9.31161e+20
1 1 0 0 0 1.54255e+20 1.37513e+20 1.16587e+20 9.88559e+19 8.04021e+19 6.75285e+19 5.65043e+19 4.72145e+19 3.88056e+19 3.1141e+19 2.49245e+19 1.96532e+19 1.51638e+19 1.16536e+19 9.17855e+18 7.20237e+18 5.39223e+18 4.2498e+18 3.17347e+18 2.31716e+18 1.76032e+18 1.31059e+18 9.23642e+17 5.88897e+17 3.78521e+17 2.3794e+17 1.35948e+17 7.82027e+16 4.53213e+16 2.64786e+16 1.56044e+16 9.28042e+15 5.57206e+15 9.37233e+20
1 1 0 0 0 0 0 0 0 0 0 0 0 0 0 0 0 0 0 0 0 0 0 0 0 0 0 0 0 0 0 0 0 0 0 0 0 0 0
1 1 0 0 0 0 0 0 0 0 0 0 0 0 0 0 0 0 0 0 0 0 0 0 0 0 0 0 0 0 0 0 0 0 0 0 0 0 0
1 1 0 0 0 0 0 0 0 0 0 0 0 0 0 0 0 0 0 0 0 0 0 0 0 0 0 0 0 0 0 0 0 0 0 0 0 0 0
1 1 0 0 0 0 0 0 0 0 0 0 0 0 0 0 0 0 0 0 0 0 0 0 0 0 0 0 0 0 0 0 0 0 0 0 0 0 0
1 1 0 0 0 0 0 0 0 0 0 0 0 0 0 0 0 0 0 0 0 0 0 0 0 0 0 0 0 0 0 0 0 0 0 0 0 0 0
1 1 0 0 0 0 0 0 0 0 0 0 0 0 0 0 0 0 0 0 0 0 0 0 0 0 0 0 0 0 0 0 0 0 0 0 0 0 0
1 1 0 0 0 0 0 0 0 0 0 0 0 0 0 0 0 0 0 0 0 0 0 0 0 0 0 0 0 0 0 0 0 0 0 0 0 0 0
1 1 0 0 0 0 0 0 0 0 0 0 0 0 0 0 0 0 0 0 0 0 0 0 0 0 0 0 0 0 0 0 0 0 0 0 0 0 0
1 1 0 0 0 0 0 0 0 0 0 0 0 0 0 0 0 0 0 0 0 0 0 0 0 0 0 0 0 0 0 0 0 0 0 0 0 0 0
1 1 0 0 0 0 0 0 0 0 0 0 0 0 0 0 0 0 0 0 0 0 0 0 0 0 0 0 0 0 0 0 0 0 0 0 0 0 0
1 1 0 0 0 1.52646e+20 1.36165e+20 1.15477e+20 9.79429e+19 7.95156e+19 6.68715e+19 5.58943e+19 4.65054e+19 3.82349e+19 3.06723e+19 2.44783e+19 1.93256e+19 1.48627e+19 1.14019e+19 8.95232e+18 7.02406e+18 5.25577e+18 4.14559e+18 3.07886e+18 2.23914e+18 1.70307e+18 1.26842e+18 8.92148e+17 5.69484e+17 3.65219e+17 2.27529e+17 1.30963e+17 7.5955e+16 4.44171e+16 2.62053e+16 1.56057e+16 9.38423e+15 5.69941e+15 9.26023e+20
1 1 0 0 0 1.52742e+20 1.36245e+20 1.15548e+20 9.80056e+19 7.95617e+19 6.69148e+19 5.59285e+19 4.65257e+19 3.82521e+19 3.06857e+19 2.44861e+19 1.93327e+19 1.48661e+19 1.14037e+19 8.95255e+18 7.02419e+18 5.25575e+18 4.14569e+18 3.07822e+18 2.23828e+18 1.70251e+18 1.26801e+18 8.91788e+17 5.69278e+17 3.65053e+17 2.27338e+17 1.30894e+17 7.59421e+16 4.44265e+16 2.62215e+16 1.56221e+16 9.39835e+15 5.71061e+15 9.26525e+20
1 1 0 0 0 1.52526e+20 1.36041e+20 1.15381e+20 9.78684e+19 7.94419e+19 6.68224e+19 5.58477e+19 4.64436e+19 3.81855e+19 3.06316e+19 2.44378e+19 1.92964e+19 1.48345e+19 1.13778e+19 8.93011e+18 7.00649e+18 5.24228e+18 4.13525e+18 3.06919e+18 2.23099e+18 1.69712e+18 1.26402e+18 8.88848e+17 5.67445e+17 3.63814e+17 2.26409e+17 1.30436e+17 7.57247e+16 4.43302e+16 2.61842e+16 1.56122e+16 9.40006e+15 5.71644e+15 9.25065e+20
1 1 0 0 0 1.52463e+20 1.35977e+20 1.15331e+20 9.78295e+19 7.94038e+19 6.6797e+19 5.58236e+19 4.64121e+19 3.81603e+19 3.06108e+19 2.44172e+19 1.92816e+19 1.48202e+19 1.13657e+19 8.9189e+18 6.99761e+18 5.23547e+18 4.13002e+18 3.06432e+18 2.22687e+18 1.69411e+18 1.2618e+18 8.87183e+17 5.66415e+17 3.63105e+17 2.25845e+17 1.3017e+17 7.56086e+16 4.42863e+16 2.61735e+16 1.56153e+16 9.4079e+15 5.72491e+15 9.24571e+20
1 1 0 0 0 1.52062e+20 1.35606e+20 1.15023e+20 9.75746e+19 7.91877e+19 6.6625e+19 5.56757e+19 4.62721e+19 3.80463e+19 3.05185e+19 2.43378e+19 1.9221e+19 1.47695e+19 1.1325e+19 8.88445e+18 6.97046e+18 5.2149e+18 4.11398e+18 3.05094e+18 2.21629e+18 1.68626e+18 1.25598e+18 8.82935e+17 5.63753e+17 3.61327e+17 2.24559e+17 1.2952e+17 7.5288e+16 4.41349e+16 2.61068e+16 1.55899e+16 9.40152e+15 5.72657e+15 9.21976e+20
1 1 0 0 0 1.52012e+20 1.35552e+20 1.14983e+20 9.75445e+19 7.91564e+19 6.66063e+19 5.56569e+19 4.62435e+19 3.80237e+19 3.04997e+19 2.43185e+19 1.92074e+19 1.47557e+19 1.13131e+19 8.87323e+18 6.96156e+18 5.20806e+18 4.10872e+18 3.04591e+18 2.21198e+18 1.68313e+18 1.25366e+18 8.81192e+17 5.62678e+17 3.60584e+17 2.23961e+17 1.29244e+17 7.51717e+16 4.40945e+16 2.61005e+16 1.55971e+16 9.41266e+15 5.73758e+15 9.21552e+20
1 1 0 0 0 1.51794e+20 1.3535e+20 1.14816e+20 9.74075e+19 7.90386e+19 6.65143e+19 5.55767e+19 4.61643e+19 3.79593e+19 3.04473e+19 2.42726e+19 1.91726e+19 1.47258e+19 1.12888e+19 8.85236e+18 6.94508e+18 5.19555e+18 4.09895e+18 3.03758e+18 2.20528e+18 1.67817e+18 1.24998e+18 8.78492e+17 5.60984e+17 3.59445e+17 2.2312e+17 1.28825e+17 7.497e+16 4.40027e+16 2.60628e+16 1.5585e+16 9.41182e+15 5.74107e+15 9.20118e+20
1 1 0 0 0 1.51932e+20 1.35464e+20 1.14918e+20 9.74983e+19 7.91056e+19 6.65779e+19 5.56262e+19 4.61932e+19 3.79837e+19 3.04661e+19 2.42835e+19 1.91827e+19 1.47304e+19 1.12909e+19 8.85228e+18 6.94489e+18 5.19522e+18 4.09878e+18 3.03639e+18 2.20376e+18 1.67716e+18 1.24923e+18 8.77858e+17 5.60604e+17 3.5915e+17 2.22805e+17 1.28708e+17 7.49426e+16 4.40123e+16 2.60847e+16 1.56082e+16 9.43211e+15 5.75734e+15 9.20836e+20
1 1 0 0 0 1.51809e+20 1.35346e+20 1.14823e+20 9.74218e+19 7.90367e+19 6.65272e+19 5.55803e+19 4.61423e+19 3.79425e+19 3.04323e+19 2.42522e+19 1.91595e+19 1.47094e+19 1.12734e+19 8.83667e+18 6.93253e+18 5.18578e+18 4.09145e+18 3.02985e+18 2.19833e+18 1.67317e+18 1.24627e+18 8.75665e+17 5.59231e+17 3.58217e+17 2.22089e+17 1.28361e+17 7.47828e+16 4.39452e+16 2.60616e+16 1.56049e+16 9.43663e+15 5.76412e+15 9.19969e+20
1 1 0 0 0 1.51723e+20 1.3526e+20 1.14755e+20 9.73683e+19 7.89863e+19 6.64919e+19 5.55474e+19 4.61024e+19 3.79103e+19 3.04057e+19 2.42268e+19 1.91409e+19 1.46919e+19 1.12586e+19 8.82327e+18 6.92191e+18 5.17764e+18 4.08515e+18 3.02411e+18 2.19351e+18 1.66964e+18 1.24366e+18 8.73712e+17 5.58012e+17 3.57384e+17 2.21436e+17 1.28049e+17 7.46423e+16 4.38887e+16 2.60445e+16 1.56049e+16 9.44302e+15 5.77197e+15 9.19322e+20
1 1 0 0 0 1.51474e+20 1.35029e+20 1.14564e+20 9.72104e+19 7.88509e+19 6.63854e+19 5.54549e+19 4.60125e+19 3.78372e+19 3.03463e+19 2.41749e+19 1.91015e+19 1.46584e+19 1.12315e+19 8.8001e+18 6.90362e+18 5.16375e+18 4.07432e+18 3.01495e+18 2.18618e+18 1.66422e+18 1.23963e+18 8.70763e+17 5.56159e+17 3.56142e+17 2.20525e+17 1.27591e+17 7.44187e+16 4.37846e+16 2.6e+16 1.55889e+16 9.44004e+15 5.77427e+15 9.17683e+20
1 1 0 0 0 1.51368e+20 1.34928e+20 1.14482e+20 9.71442e+19 7.87929e+19 6.63419e+19 5.54162e+19 4.59717e+19 3.78042e+19 3.03193e+19 2.41506e+19 1.90834e+19 1.46422e+19 1.12182e+19 8.78837e+18 6.89433e+18 5.15668e+18 4.06879e+18 3.0101e+18 2.18218e+18 1.66128e+18 1.23744e+18 8.69151e+17 5.5515e+17 3.55459e+17 2.20009e+17 1.27341e+17 7.43038e+16 4.37363e+16 2.59833e+16 1.55865e+16 9.44317e+15 5.77904e+15 9.16963e+20
1 1 0 0 0 1.51065e+20 1.34645e+20 1.1425e+20 9.69543e+19 7.86304e+19 6.62162e+19 5.53065e+19 4.58629e+19 3.77159e+19 3.02476e+19 2.40877e+19 1.90359e+19 1.46012e+19 1.11849e+19 8.75964e+18 6.8716e+18 5.13944e+18 4.05526e+18 2.99852e+18 2.17281e+18 1.65436e+18 1.23231e+18 8.65383e+17 5.52788e+17 3.53872e+17 2.18838e+17 1.26763e+17 7.40299e+16 4.36148e+16 2.59359e+16 1.55733e+16 9.4447e+15 5.78579e+15 9.1498e+20
1 1 0 0 0 1.50111e+20 1.33787e+20 1.13526e+20 9.63439e+19 7.81307e+19 6.58014e+19 5.49573e+19 4.55635e+19 3.74703e+19 3.00501e+19 2.39272e+19 1.89103e+19 1.45024e+19 1.11081e+19 8.698e+18 6.82313e+18 5.10305e+18 4.0266e+18 2.97645e+18 2.15627e+18 1.64189e+18 1.22301e+18 8.58774e+17 5.48588e+17 3.51142e+17 2.17044e+17 1.2578e+17 7.34907e+16 4.3319e+16 2.57737e+16 1.54844e+16 9.39603e+15 5.75918e+15 9.09112e+20
1 1 0 0 0 1.50891e+20 1.34474e+20 1.14114e+20 9.68476e+19 7.85334e+19 6.61479e+19 5.52434e+19 4.57888e+19 3.76563e+19 3.01986e+19 2.40417e+19 1.90022e+19 1.45698e+19 1.11584e+19 8.73566e+18 6.85254e+18 5.12488e+18 4.04387e+18 2.98817e+18 2.1641e+18 1.64799e+18 1.22757e+18 8.61866e+17 5.50589e+17 3.52373e+17 2.17678e+17 1.26214e+17 7.37865e+16 4.35198e+16 2.59096e+16 1.55762e+16 9.458e+15 5.80101e+15 9.13735e+20
1 1 0 0 0 1.50896e+20 1.34471e+20 1.14117e+20 9.68536e+19 7.8533e+19 6.61539e+19 5.52452e+19 4.57797e+19 3.76493e+19 3.01923e+19 2.40332e+19 1.89968e+19 1.45629e+19 1.11519e+19 8.72902e+18 6.84721e+18 5.12073e+18 4.04064e+18 2.98485e+18 2.1611e+18 1.64583e+18 1.22597e+18 8.60645e+17 5.49829e+17 3.51842e+17 2.17235e+17 1.26015e+17 7.37073e+16 4.34961e+16 2.59098e+16 1.55853e+16 9.46902e+15 5.81114e+15 9.13671e+20
1 1 0 0 0 1.50666e+20 1.3426e+20 1.13942e+20 9.67091e+19 7.84101e+19 6.6057e+19 5.5161e+19 4.56986e+19 3.75832e+19 3.01386e+19 2.39867e+19 1.89614e+19 1.45329e+19 1.11277e+19 8.70837e+18 6.83089e+18 5.10836e+18 4.03093e+18 2.97669e+18 2.15456e+18 1.64099e+18 1.22236e+18 8.58013e+17 5.48167e+17 3.50731e+17 2.16427e+17 1.25608e+17 7.35075e+16 4.34023e+16 2.5869e+16 1.55701e+16 9.46551e+15 5.81252e+15 9.1218e+20
1 1 0 0 0 1.50553e+20 1.34151e+20 1.13854e+20 9.6639e+19 7.83475e+19 6.60109e+19 5.5119e+19 4.56527e+19 3.7546e+19 3.0108e+19 2.39587e+19 1.89405e+19 1.4514e+19 1.11119e+19 8.69441e+18 6.8198e+18 5.0999e+18 4.02431e+18 2.97082e+18 2.14968e+18 1.63741e+18 1.21969e+18 8.5604e+17 5.46926e+17 3.49889e+17 2.15785e+17 1.25296e+17 7.33632e+16 4.3341e+16 2.58473e+16 1.55663e+16 9.46892e+15 5.8181e+15 9.11391e+20
1 1 0 0 0 1.50576e+20 1.34164e+20 1.1387e+20 9.66559e+19 7.83554e+19 6.60243e+19 5.51267e+19 4.56476e+19 3.75424e+19 3.01043e+19 2.3952e+19 1.89365e+19 1.4508e+19 1.11061e+19 8.68815e+18 6.81477e+18 5.09596e+18 4.02125e+18 2.96758e+18 2.14668e+18 1.63527e+18 1.2181e+18 8.54818e+17 5.46163e+17 3.49354e+17 2.1533e+17 1.25094e+17 7.32833e+16 4.33181e+16 2.58488e+16 1.55766e+16 9.48093e+15 5.82902e+15 9.1142e+20
1 1 0 0 0 1.50335e+20 1.33943e+20 1.13687e+20 9.65048e+19 7.82278e+19 6.59229e+19 5.50389e+19 4.55646e+19 3.74746e+19 3.00492e+19 2.39049e+19 1.89004e+19 1.44777e+19 1.10817e+19 8.66755e+18 6.79848e+18 5.08362e+18 4.01154e+18 2.95951e+18 2.14025e+18 1.63049e+18 1.21454e+18 8.52229e+17 5.44524e+17 3.48262e+17 2.14545e+17 1.24694e+17 7.30851e+16 4.32233e+16 2.58061e+16 1.55594e+16 9.47574e+15 5.82906e+15 9.09876e+20
1 1 0 0 0 1.50161e+20 1.33781e+20 1.13554e+20 9.63959e+19 7.81347e+19 6.58506e+19 5.49752e+19 4.55016e+19 3.74233e+19 3.00074e+19 2.38683e+19 1.88727e+19 1.44538e+19 1.10622e+19 8.65081e+18 6.78521e+18 5.07355e+18 4.00361e+18 2.95276e+18 2.13476e+18 1.62644e+18 1.21152e+18 8.50018e+17 5.43126e+17 3.47325e+17 2.13856e+17 1.24351e+17 7.29198e+16 4.31478e+16 2.5775e+16 1.55492e+16 9.47479e+15 5.83169e+15 9.08732e+20
1 1 0 0 0 1.50148e+20 1.33764e+20 1.13544e+20 9.63912e+19 7.81262e+19 6.58494e+19 5.4971e+19 4.54884e+19 3.74128e+19 2.99983e+19 2.3858e+19 1.88657e+19 1.44459e+19 1.10551e+19 8.64373e+18 6.77953e+18 5.06916e+18 4.00016e+18 2.94935e+18 2.13172e+18 1.62425e+18 1.20988e+18 8.48783e+17 5.4235e+17 3.46788e+17 2.13418e+17 1.24151e+17 7.2837e+16 4.31202e+16 2.57717e+16 1.55554e+16 9.4836e+15 5.84017e+15 9.08575e+20
1 1 0 0 0 1.50136e+20 1.33747e+20 1.13534e+20 9.63862e+19 7.81176e+19 6.5848e+19 5.49666e+19 4.5475e+19 3.74022e+19 2.99891e+19 2.38476e+19 1.88586e+19 1.44379e+19 1.10478e+19 8.63662e+18 6.77382e+18 5.06474e+18 3.99667e+18 2.94592e+18 2.12866e+18 1.62204e+18 1.20823e+18 8.47539e+17 5.41568e+17 3.46247e+17 2.12978e+17 1.23951e+17 7.27536e+16 4.30923e+16 2.57683e+16 1.55615e+16 9.49236e+15 5.84862e+15 9.08414e+20
1 1 0 0 0 1.50026e+20 1.33644e+20 1.13451e+20 9.63194e+19 7.80591e+19 6.58042e+19 5.4927e+19 4.5433e+19 3.73681e+19 2.99611e+19 2.38224e+19 1.88397e+19 1.4421e+19 1.10339e+19 8.62436e+18 6.76408e+18 5.05731e+18 3.99081e+18 2.9408e+18 2.12441e+18 1.61892e+18 1.2059e+18 8.45821e+17 5.40481e+17 3.45514e+17 2.12426e+17 1.23681e+17 7.2628e+16 4.30381e+16 2.57483e+16 1.55572e+16 9.49441e+15 5.85276e+15 9.07677e+20
1 1 0 0 0 1.4972e+20 1.33365e+20 1.13218e+20 9.61247e+19 7.7897e+19 6.56735e+19 5.48152e+19 4.53315e+19 3.7285e+19 2.98938e+19 2.3766e+19 1.87962e+19 1.43853e+19 1.10055e+19 8.60085e+18 6.74551e+18 5.0433e+18 3.97975e+18 2.93186e+18 2.11741e+18 1.6137e+18 1.202e+18 8.43009e+17 5.38694e+17 3.44333e+17 2.11602e+17 1.23252e+17 7.24071e+16 4.29267e+16 2.56939e+16 1.55317e+16 9.48344e+15 5.84877e+15 9.05743e+20
1 1 0 0 0 1.49314e+20 1.32997e+20 1.12909e+20 9.58657e+19 7.76829e+19 6.54989e+19 5.46672e+19 4.52003e+19 3.71774e+19 2.98069e+19 2.36942e+19 1.87403e+19 1.43404e+19 1.09701e+19 8.57186e+18 6.72265e+18 5.02607e+18 3.96615e+18 2.92108e+18 2.10909e+18 1.60747e+18 1.19735e+18 8.39675e+17 5.36571e+17 3.4294e+17 2.1065e+17 1.22746e+17 7.21406e+16 4.27877e+16 2.56224e+16 1.54957e+16 9.46588e+15 5.84064e+15 9.03211e+20
1 1 0 0 0 1.49243e+20 1.32927e+20 1.12854e+20 9.58216e+19 7.76431e+19 6.54713e+19 5.46418e+19 4.51707e+19 3.71534e+19 2.97869e+19 2.36757e+19 1.87267e+19 1.43276e+19 1.09593e+19 8.56219e+18 6.71494e+18 5.02018e+18 3.96149e+18 2.91689e+18 2.10554e+18 1.60487e+18 1.19541e+18 8.38237e+17 5.3566e+17 3.42322e+17 2.10176e+17 1.22519e+17 7.20372e+16 4.27452e+16 2.56086e+16 1.54945e+16 9.46952e+15 5.84554e+15 9.02704e+20
1 1 0 0 0 1.49365e+20 1.33029e+20 1.12943e+20 9.59012e+19 7.77035e+19 6.55282e+19 5.46869e+19 4.51994e+19 3.71773e+19 2.98055e+19 2.36877e+19 1.87372e+19 1.43334e+19 1.09628e+19 8.56359e+18 6.71591e+18 5.02078e+18 3.96194e+18 2.91647e+18 2.10471e+18 1.60435e+18 1.19502e+18 8.37885e+17 5.35442e+17 3.42147e+17 2.09975e+17 1.2245e+17 7.2027e+16 4.27579e+16 2.56278e+16 1.55133e+16 9.48533e+15 5.85794e+15 9.03362e+20
1 1 0 0 0 1.48919e+20 1.32625e+20 1.12604e+20 9.56161e+19 7.74688e+19 6.53357e+19 5.45241e+19 4.50569e+19 3.70603e+19 2.97111e+19 2.36103e+19 1.86767e+19 1.42851e+19 1.09249e+19 8.53284e+18 6.69167e+18 5.00254e+18 3.94753e+18 2.90517e+18 2.09606e+18 1.59786e+18 1.19017e+18 8.34419e+17 5.33233e+17 3.40703e+17 2.09001e+17 1.21927e+17 7.17474e+16 4.26093e+16 2.55494e+16 1.54724e+16 9.46435e+15 5.84742e+15 9.00592e+20
1 1 0 0 0 1.49102e+20 1.32782e+20 1.12741e+20 9.57352e+19 7.75615e+19 6.54195e+19 5.45917e+19 4.51045e+19 3.70998e+19 2.97421e+19 2.36324e+19 1.86951e+19 1.4297e+19 1.09331e+19 8.53796e+18 6.69556e+18 5.00532e+18 3.9497e+18 2.90605e+18 2.09619e+18 1.59806e+18 1.19031e+18 8.34444e+17 5.33256e+17 3.40683e+17 2.08898e+17 1.21913e+17 7.17686e+16 4.264e+16 2.55789e+16 1.54971e+16 9.48361e+15 5.86184e+15 9.01625e+20
1 1 0 0 0 1.48942e+20 1.32634e+20 1.12619e+20 9.56344e+19 7.74762e+19 6.5353e+19 5.45339e+19 4.5049e+19 3.70543e+19 2.9705e+19 2.36005e+19 1.86708e+19 1.42763e+19 1.09164e+19 8.52373e+18 6.68427e+18 4.99677e+18 3.94293e+18 2.90038e+18 2.0916e+18 1.59467e+18 1.18778e+18 8.32598e+17 5.3208e+17 3.39899e+17 2.08332e+17 1.21628e+17 7.16279e+16 4.25735e+16 2.55496e+16 1.54858e+16 9.48067e+15 5.86242e+15 9.00592e+20
1 1 0 0 0 1.49259e+20 1.3291e+20 1.12857e+20 9.58396e+19 7.76388e+19 6.54956e+19 5.46507e+19 4.51375e+19 3.71274e+19 2.9763e+19 2.36441e+19 1.87062e+19 1.43013e+19 1.09345e+19 8.53673e+18 6.69434e+18 5.00417e+18 3.94874e+18 2.90396e+18 2.09369e+18 1.59637e+18 1.18903e+18 8.33407e+17 5.32601e+17 3.402e+17 2.08429e+17 1.21729e+17 7.17158e+16 4.26431e+16 2.56021e+16 1.55242e+16 9.50812e+15 5.88181e+15 9.0244e+20
1 1 0 0 0 1.48867e+20 1.32555e+20 1.12558e+20 9.55888e+19 7.74319e+19 6.53267e+19 5.45074e+19 4.50111e+19 3.70237e+19 2.96791e+19 2.35751e+19 1.86524e+19 1.42581e+19 1.09005e+19 8.50899e+18 6.67246e+18 4.98769e+18 3.9357e+18 2.89367e+18 2.08576e+18 1.59043e+18 1.18459e+18 8.30226e+17 5.30572e+17 3.3887e+17 2.07525e+17 1.21247e+17 7.14603e+16 4.25088e+16 2.55323e+16 1.54885e+16 9.49034e+15 5.87326e+15 8.99992e+20
1 1 0 0 0 1.48529e+20 1.32247e+20 1.12301e+20 9.53735e+19 7.72538e+19 6.5182e+19 5.43844e+19 4.49017e+19 3.69339e+19 2.96065e+19 2.3515e+19 1.86057e+19 1.42203e+19 1.08707e+19 8.48454e+18 6.65315e+18 4.97314e+18 3.92419e+18 2.88451e+18 2.07865e+18 1.58512e+18 1.18062e+18 8.27376e+17 5.28753e+17 3.37676e+17 2.06706e+17 1.20814e+17 7.12329e+16 4.23908e+16 2.54721e+16 1.54585e+16 9.47588e+15 5.86671e+15 8.9788e+20
1 1 0 0 0 1.48869e+20 1.32544e+20 1.12557e+20 9.55934e+19 7.74284e+19 6.53349e+19 5.45096e+19 4.49973e+19 3.70128e+19 2.96691e+19 2.35623e+19 1.8644e+19 1.42475e+19 1.08905e+19 8.49885e+18 6.66424e+18 4.98131e+18 3.93059e+18 2.88853e+18 2.08104e+18 1.58704e+18 1.18204e+18 8.28303e+17 5.29349e+17 3.38023e+17 2.06832e+17 1.20933e+17 7.13312e+16 4.24667e+16 2.55284e+16 1.54992e+16 9.50481e+15 5.88702e+15 8.99867e+20
1 1 0 0 0 1.48279e+20 1.32013e+20 1.12109e+20 9.52163e+19 7.71195e+19 6.50798e+19 5.42945e+19 4.48118e+19 3.68605e+19 2.95464e+19 2.34625e+19 1.85659e+19 1.41856e+19 1.08423e+19 8.46006e+18 6.63369e+18 4.95836e+18 3.91244e+18 2.87449e+18 2.07042e+18 1.57904e+18 1.17608e+18 8.24051e+17 5.26634e+17 3.36257e+17 2.05664e+17 1.20295e+17 7.09837e+16 4.22774e+16 2.54253e+16 1.54432e+16 9.47447e+15 5.87064e+15 8.96233e+20
1 1 0 0 0 1.484e+20 1.32114e+20 1.12198e+20 9.52953e+19 7.71798e+19 6.51367e+19 5.43395e+19 4.48406e+19 3.68844e+19 2.95649e+19 2.34746e+19 1.85764e+19 1.41915e+19 1.08458e+19 8.4615e+18 6.63466e+18 4.95896e+18 3.91286e+18 2.87406e+18 2.06956e+18 1.57851e+18 1.17566e+18 8.23687e+17 5.26403e+17 3.36075e+17 2.0546e+17 1.20224e+17 7.09722e+16 4.22892e+16 2.54439e+16 1.54614e+16 9.4899e+15 5.88276e+15 8.96888e+20
1 1 0 0 0 1.48828e+20 1.32488e+20 1.1252e+20 9.55716e+19 7.74e+19 6.53283e+19 5.4497e+19 4.49626e+19 3.6985e+19 2.96449e+19 2.35357e+19 1.86256e+19 1.42269e+19 1.0872e+19 8.48071e+18 6.64958e+18 4.96999e+18 3.92151e+18 2.87972e+18 2.07311e+18 1.58132e+18 1.17774e+18 8.25076e+17 5.27293e+17 3.3661e+17 2.05698e+17 1.20411e+17 7.11108e+16 4.23895e+16 2.55151e+16 1.55113e+16 9.52458e+15 5.90669e+15 8.99404e+20
1 1 0 0 0 1.48562e+20 1.32245e+20 1.12317e+20 9.54027e+19 7.72597e+19 6.52156e+19 5.44006e+19 4.48752e+19 3.69134e+19 2.95867e+19 2.34872e+19 1.85881e+19 1.41961e+19 1.08475e+19 8.46042e+18 6.63353e+18 4.95788e+18 3.9119e+18 2.87196e+18 2.067e+18 1.57677e+18 1.17434e+18 8.22622e+17 5.25725e+17 3.35577e+17 2.04978e+17 1.20036e+17 7.0918e+16 4.22923e+16 2.54674e+16 1.5489e+16 9.51485e+15 5.90307e+15 8.9773e+20
1 1 0 0 0 1.48042e+20 1.31776e+20 1.11922e+20 9.507e+19 7.69869e+19 6.49908e+19 5.42108e+19 4.4711e+19 3.67785e+19 2.9478e+19 2.33986e+19 1.85188e+19 1.41411e+19 1.08045e+19 8.42575e+18 6.60621e+18 4.93734e+18 3.89563e+18 2.85934e+18 2.05741e+18 1.56956e+18 1.16895e+18 8.18781e+17 5.2327e+17 3.33977e+17 2.03915e+17 1.19458e+17 7.06046e+16 4.21225e+16 2.53757e+16 1.54396e+16 9.48837e+15 5.88897e+15 8.94517e+20
1 1 0 0 0 1.48468e+20 1.32149e+20 1.12243e+20 9.53451e+19 7.72062e+19 6.51816e+19 5.43675e+19 4.48324e+19 3.68786e+19 2.95575e+19 2.34594e+19 1.85677e+19 1.41764e+19 1.08305e+19 8.44484e+18 6.62103e+18 4.9483e+18 3.90422e+18 2.86495e+18 2.06092e+18 1.57235e+18 1.17101e+18 8.20155e+17 5.24148e+17 3.34505e+17 2.04149e+17 1.19641e+17 7.07413e+16 4.22216e+16 2.54461e+16 1.54889e+16 9.52265e+15 5.91263e+15 8.97022e+20
1 1 0 0 0 1.48169e+20 1.31877e+20 1.12015e+20 9.51551e+19 7.70491e+19 6.50545e+19 5.42592e+19 4.47355e+19 3.67991e+19 2.94932e+19 2.3406e+19 1.85263e+19 1.41427e+19 1.08039e+19 8.42292e+18 6.60371e+18 4.93524e+18 3.89385e+18 2.85667e+18 2.05446e+18 1.56752e+18 1.1674e+18 8.17559e+17 5.22489e+17 3.33414e+17 2.03399e+17 1.19246e+17 7.05355e+16 4.21158e+16 2.53927e+16 1.54628e+16 9.51041e+15 5.90734e+15 8.95153e+20
1 1 0 0 0 1.48001e+20 1.31722e+20 1.11887e+20 9.50486e+19 7.69599e+19 6.49842e+19 5.41984e+19 4.46784e+19 3.67524e+19 2.94551e+19 2.33737e+19 1.85015e+19 1.41219e+19 1.07871e+19 8.40881e+18 6.59251e+18 4.92676e+18 3.88711e+18 2.8511e+18 2.04998e+18 1.5642e+18 1.16491e+18 8.15757e+17 5.21337e+17 3.3265e+17 2.02854e+17 1.18968e+17 7.03967e+16 4.20486e+16 2.53619e+16 1.54498e+16 9.50599e+15 5.90672e+15 8.94076e+20
1 1 0 0 0 1.48153e+20 1.31851e+20 1.12e+20 9.51481e+19 7.70369e+19 6.50552e+19 5.4255e+19 4.4717e+19 3.67843e+19 2.94799e+19 2.33911e+19 1.85161e+19 1.41309e+19 1.07929e+19 8.41213e+18 6.59495e+18 4.92846e+18 3.88838e+18 2.85132e+18 2.04958e+18 1.56401e+18 1.16475e+18 8.15573e+17 5.21217e+17 3.3254e+17 2.02696e+17 1.18923e+17 7.03996e+16 4.20685e+16 2.5385e+16 1.54706e+16 9.52286e+15 5.91965e+15 8.94924e+20
1 1 0 0 0 1.47785e+20 1.31518e+20 1.1172e+20 9.49136e+19 7.6844e+19 6.48974e+19 5.41212e+19 4.45996e+19 3.66879e+19 2.9402e+19 2.33271e+19 1.84662e+19 1.40909e+19 1.07616e+19 8.38656e+18 6.57477e+18 4.91327e+18 3.87633e+18 2.84185e+18 2.04229e+18 1.55855e+18 1.16066e+18 8.12648e+17 5.19345e+17 3.31316e+17 2.01869e+17 1.1848e+17 7.01636e+16 4.19435e+16 2.53193e+16 1.54366e+16 9.5055e+15 5.91101e+15 8.92642e+20
1 1 0 0 0 1.47827e+20 1.3155e+20 1.11751e+20 9.49423e+19 7.68643e+19 6.49198e+19 5.41376e+19 4.46059e+19 3.66933e+19 2.94057e+19 2.33279e+19 1.84676e+19 1.409e+19 1.076e+19 8.38426e+18 6.57282e+18 4.91171e+18 3.87502e+18 2.84025e+18 2.04064e+18 1.5574e+18 1.15979e+18 8.11973e+17 5.18912e+17 3.3101e+17 2.01602e+17 1.18367e+17 7.01229e+16 4.19355e+16 2.53244e+16 1.54457e+16 9.51477e+15 5.91897e+15 8.92834e+20
1 1 0 0 0 1.47785e+20 1.31507e+20 1.11718e+20 9.49171e+19 7.68409e+19 6.49054e+19 5.41233e+19 4.4587e+19 3.66779e+19 2.93928e+19 2.33155e+19 1.84586e+19 1.40812e+19 1.07524e+19 8.37721e+18 6.56715e+18 4.90736e+18 3.87152e+18 2.83704e+18 2.03784e+18 1.55536e+18 1.15825e+18 8.10837e+17 5.18183e+17 3.30515e+17 2.01219e+17 1.18186e+17 7.00423e+16 4.19037e+16 2.53152e+16 1.54462e+16 9.5187e+15 5.9236e+15 8.92521e+20
1 1 0 0 0 1.47942e+20 1.31641e+20 1.11835e+20 9.502e+19 7.69212e+19 6.49787e+19 5.41821e+19 4.46281e+19 3.6712e+19 2.94193e+19 2.33345e+19 1.84744e+19 1.40912e+19 1.07591e+19 8.38136e+18 6.57026e+18 4.90957e+18 3.87318e+18 2.83761e+18 2.03774e+18 1.55539e+18 1.15825e+18 8.10772e+17 5.18139e+17 3.30456e+17 2.011e+17 1.1816e+17 7.00545e+16 4.19277e+16 2.53399e+16 1.54674e+16 9.53548e+15 5.93626e+15 8.9341e+20
1 1 0 0 0 1.47628e+20 1.31356e+20 1.11596e+20 9.48199e+19 7.67562e+19 6.48448e+19 5.40681e+19 4.45268e+19 3.66289e+19 2.93521e+19 2.3279e+19 1.84312e+19 1.40563e+19 1.07316e+19 8.35874e+18 6.55237e+18 4.8961e+18 3.86247e+18 2.8291e+18 2.03111e+18 1.55044e+18 1.15454e+18 8.08113e+17 5.16436e+17 3.2934e+17 2.00337e+17 1.17756e+17 6.98426e+16 4.18177e+16 2.52837e+16 1.54393e+16 9.52191e+15 5.93006e+15 8.9145e+20
1 1 0 0 0 1.45502e+20 1.29458e+20 1.09987e+20 9.34556e+19 7.56489e+19 6.39146e+19 5.32901e+19 4.38791e+19 3.60963e+19 2.89246e+19 2.29379e+19 1.81619e+19 1.38489e+19 1.05724e+19 8.2337e+18 6.45421e+18 4.82264e+18 3.80443e+18 2.78597e+18 1.99965e+18 1.52652e+18 1.13672e+18 7.95571e+17 5.08417e+17 3.24196e+17 1.97128e+17 1.15913e+17 6.87753e+16 4.11947e+16 2.49168e+16 1.52212e+16 9.39093e+15 5.85062e+15 8.78547e+20
1 1 0 0 0 1.47624e+20 1.31341e+20 1.11591e+20 9.4821e+19 7.67511e+19 6.48511e+19 5.40687e+19 4.4513e+19 3.66179e+19 2.93419e+19 2.32667e+19 1.8423e+19 1.40461e+19 1.0722e+19 8.34911e+18 6.54452e+18 4.89001e+18 3.8575e+18 2.82418e+18 2.02657e+18 1.54718e+18 1.15208e+18 8.0626e+17 5.15243e+17 3.28519e+17 1.99675e+17 1.17454e+17 6.97163e+16 4.17747e+16 2.52775e+16 1.54476e+16 9.53423e+15 5.94207e+15 8.91305e+20
1 1 0 0 0 1.47226e+20 1.3098e+20 1.11288e+20 9.45662e+19 7.6542e+19 6.46797e+19 5.39234e+19 4.43863e+19 3.65139e+19 2.92579e+19 2.3198e+19 1.83693e+19 1.40032e+19 1.06884e+19 8.32187e+18 6.52302e+18 4.87383e+18 3.84466e+18 2.81415e+18 2.01887e+18 1.5414e+18 1.14775e+18 8.03173e+17 5.13266e+17 3.27228e+17 1.98809e+17 1.16987e+17 6.94659e+16 4.16407e+16 2.52062e+16 1.54099e+16 9.51456e+15 5.93194e+15 8.88834e+20
1 1 0 0 0 1.07209e+20 9.53759e+19 8.10385e+19 6.8864e+19 5.57367e+19 4.71021e+19 3.92675e+19 3.23181e+19 2.65861e+19 2.13026e+19 1.68891e+19 1.33741e+19 1.01941e+19 7.78036e+18 6.05704e+18 4.74766e+18 3.54726e+18 2.79816e+18 2.04775e+18 1.46874e+18 1.12144e+18 8.35036e+17 5.843e+17 3.73392e+17 2.38035e+17 1.44569e+17 8.50966e+16 5.05459e+16 3.03094e+16 1.83532e+16 1.1224e+16 6.93224e+15 4.3233e+15 6.47209e+20
1 1 0 0 0 0 0 0 0 0 0 0 0 0 0 0 0 0 0 0 0 0 0 0 0 0 0 0 0 0 0 0 0 0 0 0 0 0 0
1 1 0 0 0 0 0 0 0 0 0 0 0 0 0 0 0 0 0 0 0 0 0 0 0 0 0 0 0 0 0 0 0 0 0 0 0 0 0
1 1 0 0 0 0 0 0 0 0 0 0 0 0 0 0 0 0 0 0 0 0 0 0 0 0 0 0 0 0 0 0 0 0 0 0 0 0 0
1 1 0 0 0 0 0 0 0 0 0 0 0 0 0 0 0 0 0 0 0 0 0 0 0 0 0 0 0 0 0 0 0 0 0 0 0 0 0
1 1 0 0 0 0 0 0 0 0 0 0 0 0 0 0 0 0 0 0 0 0 0 0 0 0 0 0 0 0 0 0 0 0 0 0 0 0 0
1 1 0 0 0 0 0 0 0 0 0 0 0 0 0 0 0 0 0 0 0 0 0 0 0 0 0 0 0 0 0 0 0 0 0 0 0 0 0
