2 1 0 0 0 1.55223e+20 1.38237e+20 1.17193e+20 9.93628e+19 8.09086e+19 6.79154e+19 5.68657e+19 4.7637e+19 3.91485e+19 3.14216e+19 2.51927e+19 1.985e+19 1.53431e+19 1.18026e+19 9.31202e+18 7.30711e+18 5.47238e+18 4.31022e+18 3.22835e+18 2.36183e+18 1.79317e+18 1.33463e+18 9.4165e+17 5.99873e+17 3.86067e+17 2.43877e+17 1.38793e+17 7.94846e+16 4.58354e+16 2.66319e+16 1.56006e+16 9.21823e+15 5.49674e+15 9.43714e+20
2 1 0 0 0 1.55051e+20 1.38106e+20 1.17084e+20 9.92721e+19 8.08169e+19 6.78468e+19 5.68012e+19 4.75595e+19 3.90857e+19 3.13701e+19 2.5143e+19 1.98137e+19 1.53096e+19 1.17746e+19 9.28677e+18 7.28727e+18 5.45718e+18 4.29874e+18 3.21785e+18 2.35322e+18 1.78685e+18 1.33e+18 9.38176e+17 5.97752e+17 3.84608e+17 2.42723e+17 1.38243e+17 7.92385e+16 4.57382e+16 2.66043e+16 1.5603e+16 9.2315e+15 5.51221e+15 9.42535e+20
2 1 0 0 0 1.54857e+20 1.37956e+20 1.1696e+20 9.91684e+19 8.07148e+19 6.77691e+19 5.67289e+19 4.74759e+19 3.90179e+19 3.13145e+19 2.50902e+19 1.97748e+19 1.52743e+19 1.17453e+19 9.26055e+18 7.26667e+18 5.44142e+18 4.28681e+18 3.20705e+18 2.34441e+18 1.78037e+18 1.32525e+18 9.34625e+17 5.95578e+17 3.83116e+17 2.41555e+17 1.37682e+17 7.89848e+16 4.56356e+16 2.65728e+16 1.56026e+16 9.24285e+15 5.52636e+15 9.41233e+20
2 1 0 0 0 1.54695e+20 1.37836e+20 1.1686e+20 9.90853e+19 8.063e+19 6.77057e+19 5.66687e+19 4.7403e+19 3.89588e+19 3.1266e+19 2.50433e+19 1.97406e+19 1.52426e+19 1.17188e+19 9.23666e+18 7.24789e+18 5.42704e+18 4.27594e+18 3.19709e+18 2.33624e+18 1.77438e+18 1.32085e+18 9.31327e+17 5.93564e+17 3.8173e+17 2.40459e+17 1.3716e+17 7.87516e+16 4.55438e+16 2.6547e+16 1.56051e+16 9.25567e+15 5.5412e+15 9.40136e+20
2 1 0 0 0 1.54436e+20 1.37632e+20 1.16688e+20 9.89414e+19 8.04952e+19 6.76002e+19 5.6573e+19 4.73e+19 3.88749e+19 3.11975e+19 2.49802e+19 1.96936e+19 1.52011e+19 1.16846e+19 9.20667e+18 7.22432e+18 5.40906e+18 4.26223e+18 3.18498e+18 2.32646e+18 1.76717e+18 1.31555e+18 9.27389e+17 5.91141e+17 3.80079e+17 2.39192e+17 1.36542e+17 7.84651e+16 4.5422e+16 2.65042e+16 1.55981e+16 9.26299e+15 5.55288e+15 9.3845e+20
2 1 0 0 0 1.53893e+20 1.37174e+20 1.16301e+20 9.86145e+19 8.02128e+19 6.73703e+19 5.63736e+19 4.71118e+19 3.8721e+19 3.1073e+19 2.48729e+19 1.96115e+19 1.51328e+19 1.16301e+19 9.16085e+18 7.18833e+18 5.38181e+18 4.24117e+18 3.16751e+18 2.31284e+18 1.75702e+18 1.30806e+18 9.21922e+17 5.87736e+17 3.77804e+17 2.37549e+17 1.35703e+17 7.80459e+16 4.52201e+16 2.64126e+16 1.55609e+16 9.2516e+15 5.55281e+15 9.35051e+20
2 1 0 0 0 1.54124e+20 1.37404e+20 1.16498e+20 9.87822e+19 8.0334e+19 6.74788e+19 5.64578e+19 4.71626e+19 3.87635e+19 3.1106e+19 2.48923e+19 1.96292e+19 1.51419e+19 1.16353e+19 9.16222e+18 7.18936e+18 5.3823e+18 4.24194e+18 3.16649e+18 2.31129e+18 1.75602e+18 1.30737e+18 9.21268e+17 5.87391e+17 3.77503e+17 2.37165e+17 1.35574e+17 7.80303e+16 4.52488e+16 2.64535e+16 1.56005e+16 9.28492e+15 5.57901e+15 9.36366e+20
2 1 0 0 0 1.53948e+20 1.37267e+20 1.16383e+20 9.86858e+19 8.02401e+19 6.74073e+19 5.63918e+19 4.70881e+19 3.87032e+19 3.10566e+19 2.48457e+19 1.95948e+19 1.51108e+19 1.16094e+19 9.13917e+18 7.17123e+18 5.36844e+18 4.23139e+18 3.15699e+18 2.30354e+18 1.75032e+18 1.30318e+18 9.1814e+17 5.8547e+17 3.76188e+17 2.36141e+17 1.3508e+17 7.78061e+16 4.51571e+16 2.64245e+16 1.5599e+16 9.294e+15 5.59076e+15 9.35187e+20
2 1 0 0 0 1.53762e+20 1.37122e+20 1.1626e+20 9.85826e+19 8.01411e+19 6.73314e+19 5.63222e+19 4.70109e+19 3.86408e+19 3.10055e+19 2.4798e+19 1.95595e+19 1.5079e+19 1.15831e+19 9.11582e+18 7.15286e+18 5.35441e+18 4.22069e+18 3.14743e+18 2.29574e+18 1.74459e+18 1.29896e+18 9.14997e+17 5.83535e+17 3.74866e+17 2.35118e+17 1.34585e+17 7.75792e+16 4.50628e+16 2.63933e+16 1.55958e+16 9.30177e+15 5.60152e+15 9.33951e+20
2 1 0 0 0 1.53664e+20 1.37056e+20 1.16205e+20 9.85367e+19 8.0089e+19 6.72946e+19 5.62855e+19 4.69619e+19 3.86015e+19 3.09729e+19 2.47653e+19 1.95358e+19 1.50564e+19 1.15639e+19 9.09819e+18 7.13897e+18 5.34374e+18 4.21262e+18 3.13987e+18 2.28944e+18 1.73998e+18 1.29557e+18 9.12451e+17 5.81976e+17 3.73789e+17 2.34254e+17 1.34179e+17 7.74015e+16 4.49959e+16 2.63772e+16 1.56011e+16 9.31427e+15 5.61494e+15 9.33263e+20
2 1 0 0 0 1.53703e+20 1.37111e+20 1.16253e+20 9.85775e+19 8.0108e+19 6.73173e+19 5.62985e+19 4.69552e+19 3.85969e+19 3.09682e+19 2.47552e+19 1.953e+19 1.50476e+19 1.15555e+19 9.08909e+18 7.13177e+18 5.33809e+18 4.20847e+18 3.13531e+18 2.28534e+18 1.73704e+18 1.29343e+18 9.10784e+17 5.80974e+17 3.73072e+17 2.33625e+17 1.33903e+17 7.72966e+16 4.49697e+16 2.63841e+16 1.56193e+16 9.33405e+15 5.63248e+15 9.33406e+20
2 1 0 0 0 1.53481e+20 1.36934e+20 1.16104e+20 9.84516e+19 7.99915e+19 6.7226e+19 5.62162e+19 4.6869e+19 3.85269e+19 3.0911e+19 2.47031e+19 1.9491e+19 1.50134e+19 1.15274e+19 9.06456e+18 7.11246e+18 5.32338e+18 4.19717e+18 3.12542e+18 2.27736e+18 1.73115e+18 1.28908e+18 9.07566e+17 5.78981e+17 3.7172e+17 2.32598e+17 1.33399e+17 7.70602e+16 4.48671e+16 2.63462e+16 1.5611e+16 9.338e+15 5.64047e+15 9.31969e+20
2 1 0 0 0 1.53406e+20 1.36879e+20 1.16059e+20 9.84155e+19 7.99495e+19 6.71976e+19 5.6187e+19 4.68279e+19 3.84942e+19 3.08839e+19 2.46754e+19 1.94711e+19 1.4994e+19 1.15108e+19 9.0491e+18 7.10026e+18 5.314e+18 4.19007e+18 3.1187e+18 2.27169e+18 1.72701e+18 1.28605e+18 9.05276e+17 5.77577e+17 3.70748e+17 2.31814e+17 1.33032e+17 7.69016e+16 4.48088e+16 2.63336e+16 1.56173e+16 9.35047e+15 5.65346e+15 9.31405e+20
2 1 0 0 0 1.5317e+20 1.36666e+20 1.15882e+20 9.82695e+19 7.982e+19 6.70963e+19 5.60974e+19 4.67372e+19 3.84211e+19 3.08245e+19 2.46221e+19 1.94312e+19 1.49592e+19 1.14824e+19 9.02445e+18 7.08085e+18 5.29922e+18 4.17868e+18 3.10883e+18 2.26375e+18 1.72114e+18 1.28171e+18 9.02076e+17 5.7559e+17 3.69404e+17 2.30802e+17 1.32533e+17 7.6665e+16 4.47043e+16 2.62934e+16 1.56069e+16 9.35267e+15 5.66008e+15 9.29828e+20
2 1 0 0 0 1.53179e+20 1.36669e+20 1.15889e+20 9.82792e+19 7.98175e+19 6.7102e+19 5.60976e+19 4.67216e+19 3.84096e+19 3.08145e+19 2.46085e+19 1.94224e+19 1.49485e+19 1.14725e+19 9.01439e+18 7.07288e+18 5.29302e+18 4.17404e+18 3.104e+18 2.25948e+18 1.71807e+18 1.27945e+18 9.00343e+17 5.74537e+17 3.6866e+17 2.30168e+17 1.32249e+17 7.65525e+16 4.46716e+16 2.62951e+16 1.56211e+16 9.36948e+15 5.67546e+15 9.29731e+20
2 1 0 0 0 1.53019e+20 1.36515e+20 1.15764e+20 9.81783e+19 7.97256e+19 6.7034e+19 5.60368e+19 4.6654e+19 3.83551e+19 3.07699e+19 2.4567e+19 1.93918e+19 1.49207e+19 1.14494e+19 8.99379e+18 7.05663e+18 5.2806e+18 4.1645e+18 3.09544e+18 2.25245e+18 1.7129e+18 1.27564e+18 8.97505e+17 5.7278e+17 3.67461e+17 2.2924e+17 1.31802e+17 7.63485e+16 4.45876e+16 2.62678e+16 1.56189e+16 9.37702e+15 5.68554e+15 9.2859e+20
2 1 0 0 0 1.52809e+20 1.36316e+20 1.15601e+20 9.80444e+19 7.96087e+19 6.69435e+19 5.59578e+19 4.65744e+19 3.82905e+19 3.07175e+19 2.45203e+19 1.93566e+19 1.48902e+19 1.14246e+19 8.97228e+18 7.03967e+18 5.2677e+18 4.15453e+18 3.08684e+18 2.24552e+18 1.70779e+18 1.27185e+18 8.94717e+17 5.71044e+17 3.66288e+17 2.28361e+17 1.31368e+17 7.61419e+16 4.44956e+16 2.62318e+16 1.5609e+16 9.37826e+15 5.69078e+15 9.27171e+20
2 1 0 0 0 1.52489e+20 1.36021e+20 1.15356e+20 9.78408e+19 7.9435e+19 6.68056e+19 5.58391e+19 4.64608e+19 3.81981e+19 3.06426e+19 2.44554e+19 1.93072e+19 1.48486e+19 1.13911e+19 8.94386e+18 7.01729e+18 5.25073e+18 4.14135e+18 3.07578e+18 2.23677e+18 1.70128e+18 1.26704e+18 8.91197e+17 5.68842e+17 3.64814e+17 2.27287e+17 1.30824e+17 7.58749e+16 4.437e+16 2.6177e+16 1.55885e+16 9.37355e+15 5.69266e+15 9.25084e+20
2 1 0 0 0 1.52685e+20 1.36184e+20 1.155e+20 9.79678e+19 7.95296e+19 6.68935e+19 5.5909e+19 4.65042e+19 3.82347e+19 3.06712e+19 2.44731e+19 1.9323e+19 1.48571e+19 1.1396e+19 8.94562e+18 7.01858e+18 5.25147e+18 4.14213e+18 3.07509e+18 2.23554e+18 1.70051e+18 1.26649e+18 8.90678e+17 5.68555e+17 3.64567e+17 2.26976e+17 1.30721e+17 7.58635e+16 4.4394e+16 2.62106e+16 1.56207e+16 9.40055e+15 5.71382e+15 9.26122e+20
2 1 0 0 0 1.52401e+20 1.35921e+20 1.15282e+20 9.77872e+19 7.9375e+19 6.67714e+19 5.58035e+19 4.64022e+19 3.81518e+19 3.06039e+19 2.44146e+19 1.92786e+19 1.48193e+19 1.13656e+19 8.91967e+18 6.99811e+18 5.23595e+18 4.13006e+18 3.0649e+18 2.22744e+18 1.6945e+18 1.26204e+18 8.87416e+17 5.66513e+17 3.63198e+17 2.25974e+17 1.30217e+17 7.56174e+16 4.42795e+16 2.61617e+16 1.56033e+16 9.39741e+15 5.71647e+15 9.24258e+20
2 1 0 0 0 1.52058e+20 1.35605e+20 1.1502e+20 9.75693e+19 7.91904e+19 6.6624e+19 5.56768e+19 4.6283e+19 3.80546e+19 3.05252e+19 2.43471e+19 1.92269e+19 1.47762e+19 1.1331e+19 8.89052e+18 6.97515e+18 5.21856e+18 4.11651e+18 3.05365e+18 2.21856e+18 1.6879e+18 1.25714e+18 8.83851e+17 5.64276e+17 3.61706e+17 2.24897e+17 1.29669e+17 7.53447e+16 4.41489e+16 2.61028e+16 1.55797e+16 9.39038e+15 5.71667e+15 9.22046e+20
2 1 0 0 0 1.52126e+20 1.35655e+20 1.15068e+20 9.76146e+19 7.92193e+19 6.66562e+19 5.57002e+19 4.62886e+19 3.80601e+19 3.05289e+19 2.43453e+19 1.92272e+19 1.47729e+19 1.1327e+19 8.88539e+18 6.97103e+18 5.21527e+18 4.11408e+18 3.05064e+18 2.21568e+18 1.68587e+18 1.25565e+18 8.82675e+17 5.63563e+17 3.61191e+17 2.24429e+17 1.29471e+17 7.52756e+16 4.41373e+16 2.61142e+16 1.5598e+16 9.40857e+15 5.73218e+15 9.22321e+20
2 1 0 0 0 1.52039e+20 1.35569e+20 1.14999e+20 9.75614e+19 7.91683e+19 6.66214e+19 5.56676e+19 4.62472e+19 3.80269e+19 3.05015e+19 2.43186e+19 1.92079e+19 1.47545e+19 1.13113e+19 8.87104e+18 6.95966e+18 5.20655e+18 4.10735e+18 3.04443e+18 2.21044e+18 1.68204e+18 1.25282e+18 8.80555e+17 5.62247e+17 3.60287e+17 2.23716e+17 1.29134e+17 7.5127e+16 4.40801e+16 2.60992e+16 1.56008e+16 9.41762e+15 5.74225e+15 9.2166e+20
2 1 0 0 0 1.51901e+20 1.35436e+20 1.14892e+20 9.74742e+19 7.90911e+19 6.65634e+19 5.56159e+19 4.61922e+19 3.79824e+19 3.04652e+19 2.42855e+19 1.91833e+19 1.47325e+19 1.12932e+19 8.85506e+18 6.94703e+18 5.19692e+18 4.09988e+18 3.03784e+18 2.20504e+18 1.67806e+18 1.24987e+18 8.78375e+17 5.60886e+17 3.59364e+17 2.23015e+17 1.28792e+17 7.49686e+16 4.40126e+16 2.60753e+16 1.55965e+16 9.42126e+15 5.74832e+15 9.20703e+20
2 1 0 0 0 1.52037e+20 1.35544e+20 1.14992e+20 9.75654e+19 7.91546e+19 6.66281e+19 5.56648e+19 4.62134e+19 3.8001e+19 3.0479e+19 2.429e+19 1.91891e+19 1.47321e+19 1.12908e+19 8.85033e+18 6.94315e+18 5.19373e+18 4.09754e+18 3.03441e+18 2.20154e+18 1.67562e+18 1.24807e+18 8.76936e+17 5.60016e+17 3.58725e+17 2.2241e+17 1.28546e+17 7.48909e+16 4.40083e+16 2.60987e+16 1.56267e+16 9.44962e+15 5.77187e+15 9.21349e+20
2 1 0 0 0 1.51617e+20 1.35165e+20 1.14673e+20 9.7297e+19 7.89331e+19 6.64458e+19 5.55106e+19 4.60784e+19 3.78904e+19 3.03899e+19 2.42166e+19 1.9132e+19 1.46865e+19 1.12551e+19 8.82132e+18 6.92033e+18 5.17655e+18 4.08405e+18 3.02382e+18 2.19348e+18 1.66957e+18 1.24357e+18 8.73712e+17 5.57974e+17 3.57388e+17 2.21506e+17 1.28061e+17 7.46316e+16 4.38708e+16 2.60265e+16 1.55893e+16 9.43059e+15 5.76247e+15 9.18737e+20
2 1 0 0 0 1.51468e+20 1.35023e+20 1.14557e+20 9.72035e+19 7.88504e+19 6.63836e+19 5.54552e+19 4.60196e+19 3.78428e+19 3.0351e+19 2.41813e+19 1.91057e+19 1.46631e+19 1.12357e+19 8.80427e+18 6.90684e+18 5.16628e+18 4.07604e+18 3.01678e+18 2.1877e+18 1.66532e+18 1.24041e+18 8.71379e+17 5.56515e+17 3.56399e+17 2.20756e+17 1.27695e+17 7.44617e+16 4.37981e+16 2.60003e+16 1.55843e+16 9.43413e+15 5.76871e+15 9.17711e+20
2 1 0 0 0 1.51195e+20 1.34771e+20 1.14348e+20 9.70306e+19 7.87037e+19 6.62674e+19 5.53547e+19 4.59238e+19 3.77647e+19 3.02876e+19 2.41267e+19 1.9064e+19 1.46279e+19 1.12074e+19 8.78027e+18 6.8879e+18 5.15192e+18 4.06481e+18 3.00738e+18 2.18022e+18 1.65977e+18 1.23629e+18 8.68371e+17 5.54621e+17 3.55134e+17 2.19838e+17 1.27232e+17 7.42335e+16 4.36905e+16 2.59531e+16 1.55664e+16 9.42973e+15 5.76998e+15 9.15941e+20
2 1 0 0 0 1.51003e+20 1.34592e+20 1.14201e+20 9.69101e+19 7.85997e+19 6.61869e+19 5.52842e+19 4.58534e+19 3.77075e+19 3.0241e+19 2.40857e+19 1.9033e+19 1.46011e+19 1.11856e+19 8.7614e+18 6.87297e+18 5.14058e+18 4.05595e+18 2.99978e+18 2.17406e+18 1.65523e+18 1.23291e+18 8.65891e+17 5.53064e+17 3.54087e+17 2.19062e+17 1.26847e+17 7.40497e+16 4.36079e+16 2.59201e+16 1.55565e+16 9.42992e+15 5.7739e+15 9.1467e+20
2 1 0 0 0 1.50945e+20 1.34531e+20 1.14155e+20 9.68755e+19 7.85653e+19 6.61653e+19 5.52627e+19 4.58232e+19 3.76834e+19 3.02209e+19 2.40656e+19 1.90187e+19 1.45869e+19 1.11734e+19 8.75003e+18 6.86393e+18 5.13364e+18 4.05055e+18 2.99471e+18 2.16972e+18 1.65207e+18 1.23056e+18 8.64133e+17 5.51967e+17 3.53333e+17 2.18463e+17 1.26567e+17 7.39285e+16 4.3563e+16 2.591e+16 1.55607e+16 9.43885e+15 5.78328e+15 9.14206e+20
2 1 0 0 0 1.50845e+20 1.34433e+20 1.14077e+20 9.68135e+19 7.8509e+19 6.6125e+19 5.52257e+19 4.57806e+19 3.7649e+19 3.01926e+19 2.40392e+19 1.89992e+19 1.4569e+19 1.11583e+19 8.73648e+18 6.85316e+18 5.12541e+18 4.04412e+18 2.98892e+18 2.16487e+18 1.64851e+18 1.22792e+18 8.62172e+17 5.5074e+17 3.52497e+17 2.17818e+17 1.26258e+17 7.37892e+16 4.35066e+16 2.58925e+16 1.55602e+16 9.44469e+15 5.79064e+15 9.13489e+20
2 1 0 0 0 1.50976e+20 1.34545e+20 1.14175e+20 9.6899e+19 7.85749e+19 6.61846e+19 5.52735e+19 4.58134e+19 3.76764e+19 3.02142e+19 2.40541e+19 1.90118e+19 1.45769e+19 1.11636e+19 8.7396e+18 6.85554e+18 5.12709e+18 4.04548e+18 2.98932e+18 2.16478e+18 1.64853e+18 1.22794e+18 8.62121e+17 5.50721e+17 3.52456e+17 2.17719e+17 1.26238e+17 7.38012e+16 4.35286e+16 2.59148e+16 1.55794e+16 9.45988e+15 5.80214e+15 9.14219e+20
2 1 0 0 0 0 0 0 0 0 0 0 0 0 0 0 0 0 0 0 0 0 0 0 0 0 0 0 0 0 0 0 0 0 0 0 0 0 0
2 1 0 0 0 0 0 0 0 0 0 0 0 0 0 0 0 0 0 0 0 0 0 0 0 0 0 0 0 0 0 0 0 0 0 0 0 0 0
2 1 0 0 0 0 0 0 0 0 0 0 0 0 0 0 0 0 0 0 0 0 0 0 0 0 0 0 0 0 0 0 0 0 0 0 0 0 0
2 1 0 0 0 0 0 0 0 0 0 0 0 0 0 0 0 0 0 0 0 0 0 0 0 0 0 0 0 0 0 0 0 0 0 0 0 0 0
2 1 0 0 0 0 0 0 0 0 0 0 0 0 0 0 0 0 0 0 0 0 0 0 0 0 0 0 0 0 0 0 0 0 0 0 0 0 0
2 1 0 0 0 0 0 0 0 0 0 0 0 0 0 0 0 0 0 0 0 0 0 0 0 0 0 0 0 0 0 0 0 0 0 0 0 0 0
2 1 0 0 0 0 0 0 0 0 0 0 0 0 0 0 0 0 0 0 0 0 0 0 0 0 0 0 0 0 0 0 0 0 0 0 0 0 0
2 1 0 0 0 0 0 0 0 0 0 0 0 0 0 0 0 0 0 0 0 0 0 0 0 0 0 0 0 0 0 0 0 0 0 0 0 0 0
2 1 0 0 0 0 0 0 0 0 0 0 0 0 0 0 0 0 0 0 0 0 0 0 0 0 0 0 0 0 0 0 0 0 0 0 0 0 0
2 1 0 0 0 0 0 0 0 0 0 0 0 0 0 0 0 0 0 0 0 0 0 0 0 0 0 0 0 0 0 0 0 0 0 0 0 0 0
2 1 0 0 0 1.49415e+20 1.33075e+20 1.1298e+20 9.59299e+19 7.77318e+19 6.55478e+19 5.47055e+19 4.52235e+19 3.71969e+19 2.98216e+19 2.37035e+19 1.87486e+19 1.43442e+19 1.09719e+19 8.57194e+18 6.72249e+18 5.02583e+18 3.9658e+18 2.92004e+18 2.10769e+18 1.60653e+18 1.19662e+18 8.39086e+17 5.36183e+17 3.42657e+17 2.10379e+17 1.22641e+17 7.21119e+16 4.27909e+16 2.56367e+16 1.55119e+16 9.48031e+15 5.85228e+15 9.03735e+20
2 1 0 0 0 1.49432e+20 1.33087e+20 1.12992e+20 9.59412e+19 7.77388e+19 6.55568e+19 5.47117e+19 4.52242e+19 3.71977e+19 2.98219e+19 2.37023e+19 1.87481e+19 1.43427e+19 1.09703e+19 8.56999e+18 6.7209e+18 5.02457e+18 3.9648e+18 2.91891e+18 2.1066e+18 1.60576e+18 1.19605e+18 8.38644e+17 5.35904e+17 3.4246e+17 2.1021e+17 1.22568e+17 7.2084e+16 4.2784e+16 2.56384e+16 1.55166e+16 9.48541e+15 5.85678e+15 9.03795e+20
2 1 0 0 0 1.48517e+20 1.32266e+20 1.12299e+20 9.53556e+19 7.72604e+19 6.51589e+19 5.43774e+19 4.49397e+19 3.69639e+19 2.96339e+19 2.35504e+19 1.86289e+19 1.42493e+19 1.08979e+19 8.51223e+18 6.67549e+18 4.9905e+18 3.9379e+18 2.8984e+18 2.0913e+18 1.5942e+18 1.18742e+18 8.32529e+17 5.32003e+17 3.39934e+17 2.0857e+17 1.21657e+17 7.15769e+16 4.25006e+16 2.54796e+16 1.54272e+16 9.43485e+15 5.82805e+15 8.9819e+20
2 1 0 0 0 1.48596e+20 1.32331e+20 1.12356e+20 9.54073e+19 7.72993e+19 6.5196e+19 5.44067e+19 4.49575e+19 3.69788e+19 2.96453e+19 2.35575e+19 1.86352e+19 1.42525e+19 1.08996e+19 8.51262e+18 6.67569e+18 4.99055e+18 3.93793e+18 2.89787e+18 2.09052e+18 1.59369e+18 1.18704e+18 8.32201e+17 5.31799e+17 3.39777e+17 2.08404e+17 1.21596e+17 7.15636e+16 4.25067e+16 2.54918e+16 1.54398e+16 9.44578e+15 5.83675e+15 8.98609e+20
2 1 0 0 0 1.49142e+20 1.32809e+20 1.12767e+20 9.57597e+19 7.75801e+19 6.54399e+19 5.46073e+19 4.51131e+19 3.71071e+19 2.97474e+19 2.36355e+19 1.8698e+19 1.42979e+19 1.09331e+19 8.53727e+18 6.69486e+18 5.00473e+18 3.94909e+18 2.90519e+18 2.09517e+18 1.59736e+18 1.18976e+18 8.34023e+17 5.3297e+17 3.40483e+17 2.08725e+17 1.21842e+17 7.17442e+16 4.26364e+16 2.55834e+16 1.55038e+16 9.49009e+15 5.86726e+15 9.0182e+20
2 1 0 0 0 1.48955e+20 1.32638e+20 1.12625e+20 9.56414e+19 7.74808e+19 6.53611e+19 5.45394e+19 4.50497e+19 3.70551e+19 2.97051e+19 2.35996e+19 1.86704e+19 1.42748e+19 1.09146e+19 8.52174e+18 6.68256e+18 4.99543e+18 3.94172e+18 2.89912e+18 2.09033e+18 1.59378e+18 1.18708e+18 8.32077e+17 5.3173e+17 3.3966e+17 2.08139e+17 1.21541e+17 7.15932e+16 4.25626e+16 2.5549e+16 1.5489e+16 9.48472e+15 5.86619e+15 9.00625e+20
2 1 0 0 0 1.48568e+20 1.32288e+20 1.12331e+20 9.53946e+19 7.72773e+19 6.51945e+19 5.43982e+19 4.49256e+19 3.69532e+19 2.96228e+19 2.35319e+19 1.86177e+19 1.42325e+19 1.08814e+19 8.4947e+18 6.66125e+18 4.97938e+18 3.92903e+18 2.88914e+18 2.08267e+18 1.58803e+18 1.18279e+18 8.29005e+17 5.2977e+17 3.38378e+17 2.07271e+17 1.21076e+17 7.13451e+16 4.24313e+16 2.54801e+16 1.54533e+16 9.46658e+15 5.85721e+15 8.98219e+20
2 1 0 0 0 1.4798e+20 1.31759e+20 1.11885e+20 9.50185e+19 7.69691e+19 6.49399e+19 5.41834e+19 4.47404e+19 3.68011e+19 2.95002e+19 2.34322e+19 1.85396e+19 1.41708e+19 1.08333e+19 8.45599e+18 6.63076e+18 4.95647e+18 3.91093e+18 2.87515e+18 2.07209e+18 1.58007e+18 1.17684e+18 8.2477e+17 5.27067e+17 3.36619e+17 2.06107e+17 1.20441e+17 7.09982e+16 4.22419e+16 2.53768e+16 1.53971e+16 9.43605e+15 5.84068e+15 8.94594e+20
2 1 0 0 0 1.48499e+20 1.32215e+20 1.12276e+20 9.53539e+19 7.7237e+19 6.51717e+19 5.43744e+19 4.48899e+19 3.69244e+19 2.95983e+19 2.35076e+19 1.86002e+19 1.42149e+19 1.0866e+19 8.48031e+18 6.64969e+18 4.97049e+18 3.92196e+18 2.88253e+18 2.07688e+18 1.58383e+18 1.17963e+18 8.26654e+17 5.28274e+17 3.37355e+17 2.06467e+17 1.20698e+17 7.11793e+16 4.23679e+16 2.54637e+16 1.54566e+16 9.47667e+15 5.86835e+15 8.97663e+20
2 1 0 0 0 1.47966e+20 1.31734e+20 1.11871e+20 9.5013e+19 7.69574e+19 6.49412e+19 5.41799e+19 4.47216e+19 3.67861e+19 2.94869e+19 2.34167e+19 1.85291e+19 1.41585e+19 1.0822e+19 8.44481e+18 6.62172e+18 4.94947e+18 3.90533e+18 2.86963e+18 2.06709e+18 1.57647e+18 1.17414e+18 8.22733e+17 5.25772e+17 3.35725e+17 2.05383e+17 1.20109e+17 7.08596e+16 4.21946e+16 2.53701e+16 1.54062e+16 9.44967e+15 5.85398e+15 8.94372e+20
2 1 0 0 0 1.48084e+20 1.31833e+20 1.11959e+20 9.50904e+19 7.70164e+19 6.49966e+19 5.42237e+19 4.47499e+19 3.68097e+19 2.95051e+19 2.34287e+19 1.85395e+19 1.41644e+19 1.08255e+19 8.44634e+18 6.62279e+18 4.95015e+18 3.90582e+18 2.8693e+18 2.06633e+18 1.576e+18 1.17377e+18 8.22409e+17 5.25566e+17 3.35561e+17 2.05194e+17 1.20044e+17 7.085e+16 4.22064e+16 2.53879e+16 1.54236e+16 9.46436e+15 5.8655e+15 8.95014e+20
2 1 0 0 0 1.48022e+20 1.31774e+20 1.1191e+20 9.50514e+19 7.69824e+19 6.49718e+19 5.42015e+19 4.47259e+19 3.67901e+19 2.94889e+19 2.34143e+19 1.85286e+19 1.41546e+19 1.08174e+19 8.43917e+18 6.61708e+18 4.94579e+18 3.90235e+18 2.86626e+18 2.06379e+18 1.57413e+18 1.17238e+18 8.2138e+17 5.2491e+17 3.35118e+17 2.04863e+17 1.19882e+17 7.0774e+16 4.21734e+16 2.53756e+16 1.54207e+16 9.46536e+15 5.8678e+15 8.94589e+20
2 1 0 0 0 1.47696e+20 1.31474e+20 1.11661e+20 9.48445e+19 7.68097e+19 6.48343e+19 5.40833e+19 4.4617e+19 3.67009e+19 2.94164e+19 2.33533e+19 1.84816e+19 1.41156e+19 1.07862e+19 8.41313e+18 6.59645e+18 4.93021e+18 3.88998e+18 2.85617e+18 2.05576e+18 1.56817e+18 1.16791e+18 8.18154e+17 5.2285e+17 3.33756e+17 2.03902e+17 1.19387e+17 7.05231e+16 4.20495e+16 2.53167e+16 1.53945e+16 9.45505e+15 5.8649e+15 8.92519e+20
2 1 0 0 0 1.47839e+20 1.31596e+20 1.11768e+20 9.49377e+19 7.68822e+19 6.49003e+19 5.41364e+19 4.46542e+19 3.67317e+19 2.94406e+19 2.33704e+19 1.84959e+19 1.41247e+19 1.07924e+19 8.41693e+18 6.59931e+18 4.93225e+18 3.89154e+18 2.85672e+18 2.05572e+18 1.56823e+18 1.16795e+18 8.18118e+17 5.22829e+17 3.33715e+17 2.03802e+17 1.19368e+17 7.0536e+16 4.20721e+16 2.53394e+16 1.54139e+16 9.47035e+15 5.87643e+15 8.93325e+20
2 1 0 0 0 1.47703e+20 1.31468e+20 1.11663e+20 9.48516e+19 7.68091e+19 6.48443e+19 5.40873e+19 4.46058e+19 3.66921e+19 2.94082e+19 2.33424e+19 1.84745e+19 1.41063e+19 1.07774e+19 8.40404e+18 6.58906e+18 4.92446e+18 3.88534e+18 2.85147e+18 2.05142e+18 1.56506e+18 1.16557e+18 8.16383e+17 5.21721e+17 3.32975e+17 2.03262e+17 1.19098e+17 7.04052e+16 4.20117e+16 2.53139e+16 1.54049e+16 9.46883e+15 5.87789e+15 8.92431e+20
2 1 0 0 0 1.47887e+20 1.31627e+20 1.11802e+20 9.49719e+19 7.69033e+19 6.49291e+19 5.41558e+19 4.4655e+19 3.67328e+19 2.94402e+19 2.33655e+19 1.84937e+19 1.41189e+19 1.07861e+19 8.40975e+18 6.5934e+18 4.92759e+18 3.88776e+18 2.85259e+18 2.05174e+18 1.5654e+18 1.16581e+18 8.16486e+17 5.21786e+17 3.32986e+17 2.03186e+17 1.19097e+17 7.04317e+16 4.20441e+16 2.53436e+16 1.54291e+16 9.48747e+15 5.89171e+15 8.93484e+20
2 1 0 0 0 1.47711e+20 1.31464e+20 1.11666e+20 9.48602e+19 7.68095e+19 6.48556e+19 5.40921e+19 4.45947e+19 3.66834e+19 2.93999e+19 2.33313e+19 1.84674e+19 1.40968e+19 1.07683e+19 8.39467e+18 6.58143e+18 4.91853e+18 3.88055e+18 2.84662e+18 2.04692e+18 1.56183e+18 1.16313e+18 8.14547e+17 5.20546e+17 3.32162e+17 2.02598e+17 1.18797e+17 7.02825e+16 4.19723e+16 2.53109e+16 1.54157e+16 9.48308e+15 5.89132e+15 8.92351e+20
2 1 0 0 0 1.4782e+20 1.31556e+20 1.11748e+20 9.49322e+19 7.68646e+19 6.49075e+19 5.4133e+19 4.46211e+19 3.67053e+19 2.94168e+19 2.33425e+19 1.8477e+19 1.41021e+19 1.07715e+19 8.39603e+18 6.58235e+18 4.91911e+18 3.88094e+18 2.84625e+18 2.04615e+18 1.56135e+18 1.16276e+18 8.14218e+17 5.20335e+17 3.31997e+17 2.02413e+17 1.18733e+17 7.02715e+16 4.19824e+16 2.53271e+16 1.54318e+16 9.49672e+15 5.90205e+15 8.92949e+20
2 1 0 0 0 1.47546e+20 1.31305e+20 1.11538e+20 9.47573e+19 7.67199e+19 6.47906e+19 5.40333e+19 4.45315e+19 3.66318e+19 2.93572e+19 2.3293e+19 1.84387e+19 1.40709e+19 1.07467e+19 8.37558e+18 6.56618e+18 4.90691e+18 3.87125e+18 2.83848e+18 2.04007e+18 1.55681e+18 1.15936e+18 8.11773e+17 5.18771e+17 3.30968e+17 2.01702e+17 1.1836e+17 7.0078e+16 4.18835e+16 2.52776e+16 1.54078e+16 9.48569e+15 5.89744e+15 8.91224e+20
2 1 0 0 0 1.47368e+20 1.31142e+20 1.11402e+20 9.46449e+19 7.66258e+19 6.47164e+19 5.39691e+19 4.44714e+19 3.65826e+19 2.93171e+19 2.32591e+19 1.84126e+19 1.4049e+19 1.07291e+19 8.36077e+18 6.55443e+18 4.89802e+18 3.86417e+18 2.83265e+18 2.03538e+18 1.55333e+18 1.15675e+18 8.09886e+17 5.17563e+17 3.30167e+17 2.01133e+17 1.18069e+17 6.99322e+16 4.18127e+16 2.52448e+16 1.53939e+16 9.48076e+15 5.89657e+15 8.90089e+20
2 1 0 0 0 1.47409e+20 1.31172e+20 1.11432e+20 9.46729e+19 7.66452e+19 6.47384e+19 5.3985e+19 4.4477e+19 3.65874e+19 2.93203e+19 2.32594e+19 1.84136e+19 1.40478e+19 1.07273e+19 8.35819e+18 6.55225e+18 4.89628e+18 3.86272e+18 2.83093e+18 2.03363e+18 1.5521e+18 1.15582e+18 8.09165e+17 5.171e+17 3.2984e+17 2.00849e+17 1.17947e+17 6.98873e+16 4.18026e+16 2.5249e+16 1.54026e+16 9.48992e+15 5.90452e+15 8.90272e+20
2 1 0 0 0 1.46899e+20 1.30713e+20 1.11045e+20 9.43471e+19 7.63784e+19 6.45183e+19 5.37992e+19 4.43167e+19 3.64557e+19 2.92141e+19 2.3173e+19 1.8346e+19 1.39942e+19 1.06855e+19 8.32455e+18 6.52575e+18 4.87636e+18 3.84694e+18 2.81872e+18 2.02437e+18 1.54513e+18 1.15061e+18 8.05457e+17 5.14727e+17 3.28297e+17 1.99828e+17 1.1739e+17 6.95835e+16 4.1637e+16 2.51588e+16 1.53536e+16 9.46328e+15 5.8901e+15 8.87131e+20
2 1 0 0 0 1.4671e+20 1.30539e+20 1.10901e+20 9.42273e+19 7.62784e+19 6.44392e+19 5.37309e+19 4.42531e+19 3.64036e+19 2.91716e+19 2.31371e+19 1.83183e+19 1.39712e+19 1.06669e+19 8.30896e+18 6.51338e+18 4.867e+18 3.83947e+18 2.81259e+18 2.01945e+18 1.54149e+18 1.14787e+18 8.03476e+17 5.13457e+17 3.27456e+17 1.99232e+17 1.17084e+17 6.943e+16 4.15621e+16 2.51238e+16 1.53384e+16 9.45773e+15 5.8889e+15 8.85924e+20
2 1 0 0 0 1.4738e+20 1.31129e+20 1.11406e+20 9.46594e+19 7.66252e+19 6.47375e+19 5.39773e+19 4.4449e+19 3.65649e+19 2.93003e+19 2.32371e+19 1.83983e+19 1.40301e+19 1.07111e+19 8.3423e+18 6.53937e+18 4.88632e+18 3.85463e+18 2.82307e+18 2.02647e+18 1.54695e+18 1.15192e+18 8.0625e+17 5.15227e+17 3.28556e+17 1.9982e+17 1.17473e+17 6.96869e+16 4.17319e+16 2.52363e+16 1.54131e+16 9.50731e+15 5.92191e+15 8.89911e+20
2 1 0 0 0 1.46759e+20 1.30572e+20 1.10936e+20 9.42628e+19 7.63013e+19 6.4469e+19 5.37512e+19 4.42557e+19 3.64061e+19 2.91725e+19 2.31337e+19 1.83171e+19 1.39663e+19 1.06615e+19 8.3026e+18 6.5081e+18 4.86285e+18 3.83604e+18 2.80882e+18 2.01575e+18 1.53887e+18 1.14588e+18 8.01962e+17 5.12484e+17 3.26777e+17 1.98659e+17 1.16833e+17 6.93334e+16 4.15363e+16 2.51278e+16 1.53527e+16 9.47366e+15 5.90309e+15 8.86107e+20
2 1 0 0 0 1.23599e+20 1.09961e+20 9.34274e+19 7.93881e+19 6.42587e+19 5.42979e+19 4.52692e+19 3.72668e+19 3.06569e+19 2.45651e+19 1.94784e+19 1.54235e+19 1.17586e+19 8.9755e+18 6.98881e+18 5.47816e+18 4.09319e+18 3.22884e+18 2.36374e+18 1.69596e+18 1.29481e+18 9.64136e+17 6.74717e+17 4.31167e+17 2.74904e+17 1.67062e+17 9.82834e+16 5.83454e+16 3.49659e+16 2.11604e+16 1.29332e+16 7.98337e+15 4.97611e+15 7.4622e+20
2 1 0 0 0 0 0 0 0 0 0 0 0 0 0 0 0 0 0 0 0 0 0 0 0 0 0 0 0 0 0 0 0 0 0 0 0 0 0
2 1 0 0 0 0 0 0 0 0 0 0 0 0 0 0 0 0 0 0 0 0 0 0 0 0 0 0 0 0 0 0 0 0 0 0 0 0 0
2 1 0 0 0 0 0 0 0 0 0 0 0 0 0 0 0 0 0 0 0 0 0 0 0 0 0 0 0 0 0 0 0 0 0 0 0 0 0
2 1 0 0 0 0 0 0 0 0 0 0 0 0 0 0 0 0 0 0 0 0 0 0 0 0 0 0 0 0 0 0 0 0 0 0 0 0 0
2 1 0 0 0 0 0 0 0 0 0 0 0 0 0 0 0 0 0 0 0 0 0 0 0 0 0 0 0 0 0 0 0 0 0 0 0 0 0
2 1 0 0 0 4.20374e+16 3.74096e+16 3.1785e+16 2.70091e+16 2.18617e+16 1.84717e+16 1.53986e+16 1.26751e+16 1.04263e+16 8.35439e+15 6.62426e+15 5.24531e+15 3.99873e+15 3.0522e+15 2.3765e+15 1.8628e+15 1.39184e+15 1.09792e+15 8.03694e+14 5.76593e+14 4.40219e+14 3.27792e+14 2.29388e+14 1.46585e+14 9.34574e+13 5.6787e+13 3.34122e+13 1.98376e+13 1.18901e+13 7.19654e+12 4.39911e+12 2.71582e+12 1.69301e+12 2.53834e+17
2 1 0 0 0 1.52779e+19 1.3599e+19 1.15293e+19 9.77547e+18 7.96228e+18 6.68346e+18 5.5972e+18 4.69136e+18 3.85545e+18 3.09463e+18 2.48209e+18 1.95544e+18 1.51199e+18 1.16332e+18 9.18142e+17 7.20455e+17 5.39595e+17 4.24932e+17 3.18461e+17 2.33065e+17 1.76931e+17 1.31678e+17 9.2927e+16 5.9189e+16 3.81027e+16 2.40933e+16 1.37024e+16 7.84096e+15 4.51752e+15 2.62219e+15 1.53434e+15 9.05517e+14 5.3924e+14 9.2888e+19
2 1 0 0 0 1.28452e+20 1.14353e+20 9.69488e+19 8.22017e+19 6.69437e+19 5.6196e+19 4.70581e+19 3.94287e+19 3.24035e+19 2.60084e+19 2.08555e+19 1.64318e+19 1.27024e+19 9.77184e+18 7.71061e+18 6.05041e+18 4.53134e+18 3.56873e+18 2.67348e+18 1.95605e+18 1.48505e+18 1.10526e+18 7.7988e+17 4.96783e+17 3.19748e+17 2.02051e+17 1.14967e+17 6.58251e+16 3.79487e+16 2.20429e+16 1.29081e+16 7.62441e+15 4.5445e+15 7.80901e+20
2 1 0 0 0 1.55483e+20 1.38435e+20 1.17368e+20 9.95175e+19 8.10268e+19 6.80271e+19 5.69581e+19 4.76991e+19 3.92014e+19 3.14633e+19 2.52208e+19 1.98742e+19 1.53578e+19 1.18122e+19 9.31732e+18 7.31115e+18 5.47518e+18 4.31259e+18 3.22875e+18 2.36133e+18 1.79297e+18 1.3345e+18 9.41421e+17 5.99775e+17 3.85939e+17 2.43633e+17 1.38737e+17 7.95059e+16 4.58819e+16 2.66807e+16 1.56431e+16 9.25215e+15 5.52254e+15 9.4507e+20
2 1 0 0 0 1.55746e+20 1.38691e+20 1.17588e+20 9.97059e+19 8.11618e+19 6.81492e+19 5.70529e+19 4.77545e+19 3.92478e+19 3.14994e+19 2.52411e+19 1.98931e+19 1.53669e+19 1.18169e+19 9.31778e+18 7.31148e+18 5.47508e+18 4.313e+18 3.22711e+18 2.35918e+18 1.79155e+18 1.33352e+18 9.40519e+17 5.99292e+17 3.85532e+17 2.43139e+17 1.38565e+17 7.94776e+16 4.59112e+16 2.67272e+16 1.56893e+16 9.29156e+15 5.55375e+15 9.46533e+20
2 1 0 0 0 1.55126e+20 1.38165e+20 1.17144e+20 9.93311e+19 8.08382e+19 6.78859e+19 5.68248e+19 4.75391e+19 3.90717e+19 3.13569e+19 2.51182e+19 1.97992e+19 1.52886e+19 1.17544e+19 9.26525e+18 7.27022e+18 5.44384e+18 4.28888e+18 3.20708e+18 2.34356e+18 1.77992e+18 1.32494e+18 9.3425e+17 5.95391e+17 3.82923e+17 2.41253e+17 1.37601e+17 7.89968e+16 4.568e+16 2.66226e+16 1.5647e+16 9.27881e+15 5.55392e+15 9.4264e+20
2 1 0 0 0 1.55033e+20 1.38108e+20 1.17097e+20 9.92926e+19 8.07902e+19 6.7853e+19 5.67901e+19 4.74884e+19 3.90308e+19 3.13229e+19 2.50832e+19 1.97742e+19 1.52644e+19 1.17337e+19 9.24598e+18 7.25506e+18 5.43218e+18 4.28012e+18 3.19877e+18 2.33661e+18 1.77484e+18 1.32122e+18 9.31441e+17 5.9368e+17 3.81736e+17 2.40291e+17 1.37151e+17 7.88027e+16 4.56091e+16 2.66078e+16 1.56554e+16 9.29461e+15 5.57026e+15 9.41972e+20
2 1 0 0 0 1.55077e+20 1.38173e+20 1.17154e+20 9.93421e+19 8.0814e+19 6.78802e+19 5.68058e+19 4.74801e+19 3.90246e+19 3.13169e+19 2.50708e+19 1.9767e+19 1.52538e+19 1.17236e+19 9.23511e+18 7.24649e+18 5.42545e+18 4.27523e+18 3.19338e+18 2.3318e+18 1.7714e+18 1.31871e+18 9.29486e+17 5.92513e+17 3.809e+17 2.39553e+17 1.36828e+17 7.86804e+16 4.55792e+16 2.66166e+16 1.56773e+16 9.3183e+15 5.59122e+15 9.42141e+20
2 1 0 0 0 1.55e+20 1.38129e+20 1.17119e+20 9.93135e+19 8.07743e+19 6.78541e+19 5.67769e+19 4.74346e+19 3.8988e+19 3.12864e+19 2.50388e+19 1.97443e+19 1.52314e+19 1.17043e+19 9.21705e+18 7.23227e+18 5.4145e+18 4.26702e+18 3.18551e+18 2.32519e+18 1.76657e+18 1.31518e+18 9.26811e+17 5.90886e+17 3.79768e+17 2.3863e+17 1.36399e+17 7.84969e+16 4.55137e+16 2.66045e+16 1.56869e+16 9.33464e+15 5.60775e+15 9.41571e+20
2 1 0 0 0 1.54656e+20 1.37849e+20 1.16882e+20 9.91142e+19 8.05961e+19 6.77116e+19 5.66506e+19 4.73082e+19 3.88847e+19 3.12024e+19 2.49642e+19 1.96879e+19 1.51831e+19 1.16651e+19 9.18335e+18 7.20579e+18 5.39437e+18 4.25155e+18 3.17226e+18 2.31464e+18 1.75876e+18 1.30942e+18 9.2257e+17 5.88259e+17 3.77994e+17 2.37307e+17 1.3574e+17 7.81803e+16 4.53704e+16 2.65466e+16 1.56693e+16 9.33458e+15 5.61433e+15 9.39388e+20
2 1 0 0 0 1.54554e+20 1.37779e+20 1.16824e+20 9.90654e+19 8.05413e+19 6.76727e+19 5.66119e+19 4.7257e+19 3.88436e+19 3.11684e+19 2.49301e+19 1.96633e+19 1.51596e+19 1.16453e+19 9.16512e+18 7.19142e+18 5.38333e+18 4.2432e+18 3.16446e+18 2.30815e+18 1.75401e+18 1.30593e+18 9.19944e+17 5.86651e+17 3.76884e+17 2.36418e+17 1.35321e+17 7.79968e+16 4.53009e+16 2.65296e+16 1.56743e+16 9.34716e+15 5.62792e+15 9.38666e+20
2 1 0 0 0 1.54334e+20 1.37601e+20 1.16674e+20 9.89394e+19 8.0425e+19 6.75816e+19 5.653e+19 4.71713e+19 3.87741e+19 3.11116e+19 2.48784e+19 1.96246e+19 1.51256e+19 1.16174e+19 9.14079e+18 7.17228e+18 5.36875e+18 4.23202e+18 3.15467e+18 2.30025e+18 1.74818e+18 1.30163e+18 9.16765e+17 5.84686e+17 3.75549e+17 2.35403e+17 1.34823e+17 7.77635e+16 4.51999e+16 2.64925e+16 1.56664e+16 9.35129e+15 5.636e+15 9.37234e+20
2 1 0 0 0 1.54108e+20 1.37423e+20 1.16524e+20 9.88129e+19 8.03057e+19 6.74893e+19 5.64461e+19 4.70807e+19 3.87007e+19 3.10516e+19 2.4823e+19 1.95833e+19 1.50889e+19 1.15871e+19 9.11409e+18 7.15126e+18 5.35272e+18 4.21976e+18 3.14381e+18 2.29143e+18 1.74168e+18 1.29685e+18 9.1321e+17 5.82492e+17 3.74055e+17 2.34255e+17 1.34265e+17 7.75051e+16 4.50906e+16 2.64545e+16 1.56605e+16 9.35832e+15 5.64684e+15 9.35754e+20
2 1 0 0 0 1.53826e+20 1.37193e+20 1.16329e+20 9.86483e+19 8.01583e+19 6.7372e+19 5.63422e+19 4.6977e+19 3.86163e+19 3.09829e+19 2.4762e+19 1.95372e+19 1.50492e+19 1.1555e+19 9.08642e+18 7.12949e+18 5.33617e+18 4.207e+18 3.13287e+18 2.28271e+18 1.73522e+18 1.29208e+18 9.09698e+17 5.80309e+17 3.72583e+17 2.33158e+17 1.33719e+17 7.72427e+16 4.49718e+16 2.64064e+16 1.56457e+16 9.35811e+15 5.65215e+15 9.33959e+20
2 1 0 0 0 1.53692e+20 1.37095e+20 1.16247e+20 9.85788e+19 8.00881e+19 6.73194e+19 5.62923e+19 4.69183e+19 3.85689e+19 3.09438e+19 2.47247e+19 1.95098e+19 1.5024e+19 1.15339e+19 9.06747e+18 7.11456e+18 5.32474e+18 4.19826e+18 3.12495e+18 2.27616e+18 1.73042e+18 1.28854e+18 9.07058e+17 5.78681e+17 3.71467e+17 2.32285e+17 1.333e+17 7.70541e+16 4.48958e+16 2.63834e+16 1.56458e+16 9.36676e+15 5.66278e+15 9.33062e+20
2 1 0 0 0 1.53461e+20 1.36903e+20 1.16086e+20 9.84437e+19 7.99655e+19 6.72231e+19 5.62062e+19 4.68298e+19 3.84972e+19 3.08854e+19 2.46719e+19 1.94701e+19 1.49894e+19 1.15056e+19 9.04289e+18 7.09519e+18 5.31e+18 4.18692e+18 3.11508e+18 2.26821e+18 1.72455e+18 1.2842e+18 9.03856e+17 5.76693e+17 3.70121e+17 2.31269e+17 1.328e+17 7.68177e+16 4.47919e+16 2.63438e+16 1.56359e+16 9.36947e+15 5.66981e+15 9.31558e+20
2 1 0 0 0 1.5321e+20 1.36676e+20 1.15898e+20 9.82876e+19 7.98279e+19 6.71149e+19 5.61109e+19 4.67346e+19 3.84203e+19 3.08229e+19 2.46163e+19 1.94283e+19 1.49532e+19 1.14762e+19 9.0174e+18 7.07512e+18 5.29473e+18 4.17514e+18 3.10493e+18 2.26007e+18 1.71853e+18 1.27976e+18 9.00577e+17 5.74655e+17 3.68745e+17 2.30238e+17 1.32289e+17 7.65739e+16 4.46829e+16 2.63008e+16 1.56237e+16 9.37052e+15 5.6757e+15 9.29887e+20
2 1 0 0 0 1.53174e+20 1.36641e+20 1.15872e+20 9.82693e+19 7.98031e+19 6.71014e+19 5.60951e+19 4.67063e+19 3.83983e+19 3.08045e+19 2.45962e+19 1.94143e+19 1.49387e+19 1.14634e+19 9.00514e+18 7.06541e+18 5.28723e+18 4.16946e+18 3.09938e+18 2.25529e+18 1.71506e+18 1.2772e+18 8.98641e+17 5.73468e+17 3.67918e+17 2.29559e+17 1.31976e+17 7.64429e+16 4.46382e+16 2.62946e+16 1.56327e+16 9.38394e+15 5.68881e+15 9.29531e+20
2 1 0 0 0 1.48848e+20 1.32773e+20 1.12597e+20 9.54962e+19 7.75423e+19 6.52085e+19 5.4509e+19 4.5371e+19 3.73014e+19 2.99238e+19 2.38879e+19 1.88571e+19 1.45062e+19 1.113e+19 8.74114e+18 6.8582e+18 5.13195e+18 4.04722e+18 3.00724e+18 2.18755e+18 1.6637e+18 1.23898e+18 8.71616e+17 5.56267e+17 3.56821e+17 2.22479e+17 1.2798e+17 7.41762e+16 4.33449e+16 2.5552e+16 1.52034e+16 9.13381e+15 5.54194e+15 9.03136e+20
2 1 0 0 0 1.53027e+20 1.36489e+20 1.15754e+20 9.81783e+19 7.97112e+19 6.70409e+19 5.60372e+19 4.66276e+19 3.83356e+19 3.07526e+19 2.45442e+19 1.93771e+19 1.49024e+19 1.14324e+19 8.97642e+18 7.04271e+18 5.26979e+18 4.15614e+18 3.08686e+18 2.24473e+18 1.70735e+18 1.27152e+18 8.94367e+17 5.70834e+17 3.661e+17 2.28102e+17 1.31293e+17 7.61459e+16 4.45275e+16 2.62692e+16 1.56427e+16 9.4057e+15 5.71185e+15 9.28333e+20
2 1 0 0 0 1.52735e+20 1.36218e+20 1.15529e+20 9.79924e+19 7.9552e+19 6.69152e+19 5.59285e+19 4.65226e+19 3.82502e+19 3.06834e+19 2.44839e+19 1.93313e+19 1.48636e+19 1.1401e+19 8.9497e+18 7.02166e+18 5.25382e+18 4.14373e+18 3.07639e+18 2.2364e+18 1.70118e+18 1.26694e+18 8.91018e+17 5.6874e+17 3.64695e+17 2.27073e+17 1.30775e+17 7.5893e+16 4.44098e+16 2.62188e+16 1.56248e+16 9.40245e+15 5.71457e+15 9.26415e+20
2 1 0 0 0 1.52544e+20 1.36038e+20 1.15382e+20 9.78719e+19 7.94461e+19 6.68341e+19 5.58573e+19 4.64492e+19 3.81907e+19 3.0635e+19 2.44404e+19 1.92987e+19 1.4835e+19 1.13776e+19 8.92927e+18 7.00553e+18 5.24154e+18 4.13422e+18 3.06811e+18 2.22968e+18 1.69622e+18 1.26328e+18 8.88311e+17 5.67052e+17 3.63554e+17 2.26212e+17 1.30352e+17 7.56938e+16 4.43226e+16 2.61859e+16 1.56168e+16 9.40495e+15 5.72062e+15 9.25119e+20
2 1 0 0 0 1.5234e+20 1.35845e+20 1.15224e+20 9.77428e+19 7.93331e+19 6.67473e+19 5.57811e+19 4.63713e+19 3.81276e+19 3.05835e+19 2.43944e+19 1.92641e+19 1.48048e+19 1.13529e+19 8.90775e+18 6.98856e+18 5.22861e+18 4.12421e+18 3.05942e+18 2.22264e+18 1.69103e+18 1.25943e+18 8.85474e+17 5.65283e+17 3.62357e+17 2.25313e+17 1.29909e+17 7.54845e+16 4.42305e+16 2.61507e+16 1.56079e+16 9.4071e+15 5.72661e+15 9.23739e+20
2 1 0 0 0 1.51722e+20 1.35284e+20 1.14754e+20 9.73483e+19 7.9005e+19 6.64792e+19 5.55535e+19 4.61682e+19 3.79614e+19 3.04495e+19 2.42827e+19 1.91776e+19 1.47348e+19 1.12977e+19 8.86247e+18 6.95293e+18 5.20175e+18 4.10319e+18 3.04262e+18 2.20974e+18 1.68136e+18 1.25225e+18 8.80303e+17 5.6202e+17 3.60207e+17 2.23827e+17 1.29125e+17 7.50749e+16 4.40197e+16 2.60444e+16 1.5556e+16 9.38303e+15 5.71643e+15 9.19855e+20
2 1 0 0 0 1.5213e+20 1.35639e+20 1.15059e+20 9.7612e+19 7.92119e+19 6.66608e+19 5.57019e+19 4.62784e+19 3.80528e+19 3.05221e+19 2.43362e+19 1.92214e+19 1.47652e+19 1.13196e+19 8.87773e+18 6.9648e+18 5.21044e+18 4.11018e+18 3.04667e+18 2.21201e+18 1.68324e+18 1.25367e+18 8.81178e+17 5.62613e+17 3.60532e+17 2.23889e+17 1.2923e+17 7.51792e+16 4.41083e+16 2.61142e+16 1.56085e+16 9.42147e+15 5.74404e+15 9.22203e+20
2 1 0 0 0 1.5174e+20 1.35281e+20 1.14761e+20 9.73635e+19 7.90028e+19 6.64926e+19 5.55578e+19 4.61451e+19 3.79441e+19 3.04341e+19 2.42614e+19 1.91641e+19 1.47177e+19 1.12817e+19 8.84608e+18 6.93986e+18 5.19158e+18 4.09543e+18 3.03457e+18 2.20253e+18 1.67618e+18 1.24842e+18 8.7737e+17 5.60216e+17 3.58939e+17 2.22756e+17 1.28646e+17 7.4885e+16 4.39642e+16 2.60468e+16 1.55795e+16 9.41093e+15 5.74194e+15 9.19704e+20
2 1 0 0 0 1.51703e+20 1.35238e+20 1.1473e+20 9.7342e+19 7.8978e+19 6.64794e+19 5.55433e+19 4.61196e+19 3.79239e+19 3.04172e+19 2.42434e+19 1.91514e+19 1.47046e+19 1.12703e+19 8.83512e+18 6.93115e+18 5.18486e+18 4.09027e+18 3.02957e+18 2.1982e+18 1.67304e+18 1.2461e+18 8.7562e+17 5.59133e+17 3.58188e+17 2.22146e+17 1.28365e+17 7.47662e+16 4.39229e+16 2.60402e+16 1.55867e+16 9.42224e+15 5.75314e+15 9.19352e+20
2 1 0 0 0 1.51619e+20 1.35156e+20 1.14665e+20 9.72898e+19 7.89298e+19 6.64452e+19 5.55118e+19 4.60824e+19 3.7894e+19 3.03926e+19 2.422e+19 1.91343e+19 1.46887e+19 1.12569e+19 8.82302e+18 6.92156e+18 5.17752e+18 4.08459e+18 3.02441e+18 2.19389e+18 1.66988e+18 1.24376e+18 8.73872e+17 5.58044e+17 3.57445e+17 2.21567e+17 1.28088e+17 7.46422e+16 4.38734e+16 2.60255e+16 1.55871e+16 9.42812e+15 5.76025e+15 9.18737e+20
