4 1 0 0 0 1.47375e+20 1.30956e+20 1.11261e+20 9.45393e+19 7.65236e+19 6.46826e+19 5.39482e+19 4.44277e+19 3.65578e+19 2.92938e+19 2.32293e+19 1.83931e+19 1.40236e+19 1.07049e+19 8.33602e+18 6.53422e+18 4.88233e+18 3.85133e+18 2.81979e+18 2.02343e+18 1.54477e+18 1.15027e+18 8.05009e+17 5.14426e+17 3.28005e+17 1.99379e+17 1.17274e+17 6.96055e+16 4.17056e+16 2.5234e+16 1.54198e+16 9.51641e+15 5.9305e+15 8.89189e+20
4 1 0 0 0 1.47284e+20 1.30868e+20 1.1119e+20 9.4482e+19 7.64737e+19 6.46464e+19 5.39157e+19 4.43929e+19 3.65295e+19 2.92703e+19 2.32083e+19 1.83773e+19 1.40094e+19 1.06931e+19 8.32558e+18 6.52588e+18 4.87599e+18 3.84626e+18 2.81536e+18 2.0197e+18 1.54203e+18 1.14821e+18 8.03501e+17 5.13462e+17 3.27357e+17 1.98894e+17 1.17037e+17 6.94948e+16 4.16577e+16 2.52162e+16 1.54158e+16 9.51798e+15 5.93394e+15 8.88566e+20
4 1 0 0 0 1.46978e+20 1.30589e+20 1.10958e+20 9.42877e+19 7.63128e+19 6.45166e+19 5.3805e+19 4.42933e+19 3.64478e+19 2.92042e+19 2.31533e+19 1.83347e+19 1.39746e+19 1.06655e+19 8.30284e+18 6.5079e+18 4.86242e+18 3.83549e+18 2.80672e+18 2.01293e+18 1.53699e+18 1.14444e+18 8.00783e+17 5.11726e+17 3.26214e+17 1.98103e+17 1.16623e+17 6.92803e+16 4.15483e+16 2.51617e+16 1.53896e+16 9.50608e+15 5.92908e+15 8.86651e+20
4 1 0 0 0 1.4294e+20 1.26994e+20 1.07906e+20 9.16982e+19 7.42135e+19 6.27478e+19 5.23275e+19 4.3069e+19 3.54406e+19 2.83964e+19 2.25105e+19 1.78265e+19 1.35851e+19 1.03673e+19 8.06942e+18 6.32478e+18 4.72548e+18 3.7274e+18 2.7269e+18 1.95513e+18 1.49297e+18 1.11164e+18 7.77766e+17 4.97017e+17 3.16803e+17 1.92296e+17 1.13253e+17 6.73088e+16 4.03845e+16 2.44682e+16 1.49722e+16 9.25238e+15 5.7733e+15 8.62216e+20
4 1 0 0 0 0 0 0 0 0 0 0 0 0 0 0 0 0 0 0 0 0 0 0 0 0 0 0 0 0 0 0 0 0 0 0 0 0 0
4 1 0 0 0 0 0 0 0 0 0 0 0 0 0 0 0 0 0 0 0 0 0 0 0 0 0 0 0 0 0 0 0 0 0 0 0 0 0
4 1 0 0 0 2.50348e+18 2.22298e+18 1.88601e+18 1.60028e+18 1.30138e+18 1.0949e+18 9.16437e+17 7.64579e+17 6.2868e+17 5.04423e+17 4.03322e+17 3.18195e+17 2.45127e+17 1.88214e+17 1.48027e+17 1.1613e+17 8.69237e+16 6.8497e+16 5.10252e+16 3.71663e+16 2.82535e+16 2.10325e+16 1.4811e+16 9.44358e+15 6.06442e+15 3.7973e+15 2.17739e+15 1.25745e+15 7.31854e+14 4.29543e+14 2.54369e+14 1.52052e+14 9.17726e+13 1.51743e+19
4 1 0 0 0 1.09593e+20 9.73306e+19 8.25759e+19 7.00649e+19 5.6974e+19 4.79349e+19 4.0119e+19 3.34664e+19 2.75177e+19 2.20784e+19 1.76517e+19 1.39265e+19 1.07274e+19 8.23623e+18 6.47703e+18 5.08133e+18 3.8033e+18 2.99707e+18 2.23224e+18 1.6257e+18 1.23589e+18 9.20019e+17 6.47839e+17 4.13065e+17 2.65242e+17 1.66039e+17 9.52278e+16 5.50071e+16 3.20231e+16 1.88003e+16 1.11365e+16 6.65901e+15 4.0204e+15 6.64284e+20
4 1 0 0 0 1.53747e+20 1.3657e+20 1.15867e+20 9.83137e+19 7.9932e+19 6.72566e+19 5.62833e+19 4.69334e+19 3.85911e+19 3.09616e+19 2.47482e+19 1.95271e+19 1.50373e+19 1.15436e+19 9.07559e+18 7.11982e+18 5.32882e+18 4.19937e+18 3.12635e+18 2.27603e+18 1.73047e+18 1.2882e+18 9.06953e+17 5.7831e+17 3.71285e+17 2.32248e+17 1.3328e+17 7.70383e+16 4.48813e+16 2.63697e+16 1.56334e+16 9.35607e+15 5.6539e+15 9.31859e+20
4 1 0 0 0 1.53534e+20 1.36405e+20 1.1573e+20 9.8198e+19 7.98222e+19 6.71721e+19 5.62053e+19 4.68471e+19 3.85209e+19 3.09041e+19 2.46948e+19 1.94874e+19 1.50018e+19 1.15142e+19 9.04958e+18 7.09932e+18 5.31317e+18 4.18737e+18 3.11568e+18 2.26731e+18 1.72405e+18 1.28347e+18 9.03439e+17 5.76137e+17 3.69803e+17 2.31108e+17 1.32727e+17 7.67838e+16 4.47746e+16 2.63335e+16 1.56287e+16 9.36382e+15 5.6652e+15 9.30468e+20
4 1 0 0 0 1.5309e+20 1.36035e+20 1.15417e+20 9.79346e+19 7.95928e+19 6.69864e+19 5.60429e+19 4.66914e+19 3.83935e+19 3.08007e+19 2.4605e+19 1.9419e+19 1.49443e+19 1.1468e+19 9.01053e+18 7.0686e+18 5.28989e+18 4.16934e+18 3.10059e+18 2.25543e+18 1.71522e+18 1.27694e+18 8.98665e+17 5.73157e+17 3.67808e+17 2.29655e+17 1.3199e+17 7.64196e+16 4.46019e+16 2.62571e+16 1.55994e+16 9.35631e+15 5.66696e+15 9.27687e+20
4 1 0 0 0 1.52758e+20 1.35765e+20 1.1519e+20 9.77428e+19 7.94215e+19 6.68495e+19 5.59211e+19 4.65697e+19 3.82939e+19 3.07197e+19 2.45332e+19 1.93646e+19 1.48977e+19 1.14302e+19 8.97804e+18 7.04303e+18 5.27045e+18 4.15435e+18 3.08777e+18 2.2452e+18 1.70764e+18 1.27134e+18 8.94547e+17 5.70595e+17 3.66082e+17 2.28371e+17 1.31349e+17 7.61108e+16 4.44614e+16 2.61996e+16 1.55812e+16 9.35542e+15 5.67271e+15 9.25583e+20
4 1 0 0 0 1.52754e+20 1.35787e+20 1.1521e+20 9.77608e+19 7.94211e+19 6.68562e+19 5.59198e+19 4.65489e+19 3.82774e+19 3.07052e+19 2.45148e+19 1.93524e+19 1.48836e+19 1.14175e+19 8.96535e+18 7.03299e+18 5.26266e+18 4.14851e+18 3.08181e+18 2.24e+18 1.70388e+18 1.26858e+18 8.92433e+17 5.69308e+17 3.65176e+17 2.27607e+17 1.31004e+17 7.5971e+16 4.44181e+16 2.61985e+16 1.55959e+16 9.37397e+15 5.69001e+15 9.25474e+20
4 1 0 0 0 1.52073e+20 1.35209e+20 1.1472e+20 9.73465e+19 7.907e+19 6.65673e+19 5.56712e+19 4.63228e+19 3.8092e+19 3.05554e+19 2.43886e+19 1.92549e+19 1.48041e+19 1.13546e+19 8.91336e+18 6.99212e+18 5.23179e+18 4.12447e+18 3.06239e+18 2.22501e+18 1.69268e+18 1.26028e+18 8.86426e+17 5.65535e+17 3.62678e+17 2.25856e+17 1.30088e+17 7.54989e+16 4.41796e+16 2.60816e+16 1.55413e+16 9.35053e+15 5.68165e+15 9.21279e+20
4 1 0 0 0 1.46734e+20 1.30487e+20 1.10715e+20 9.39483e+19 7.62955e+19 6.42376e+19 5.3716e+19 4.46778e+19 3.67396e+19 2.94694e+19 2.35154e+19 1.85675e+19 1.42713e+19 1.09441e+19 8.58862e+18 6.73729e+18 5.04084e+18 3.97422e+18 2.94934e+18 2.14205e+18 1.62975e+18 1.21346e+18 8.53334e+17 5.44472e+17 3.49097e+17 2.17212e+17 1.25195e+17 7.27133e+16 4.25843e+16 2.51619e+16 1.50072e+16 9.03791e+15 5.49716e+15 8.88853e+20
4 1 0 0 0 1.50077e+20 1.33488e+20 1.13262e+20 9.61107e+19 7.80373e+19 6.57112e+19 5.49413e+19 4.56778e+19 3.75627e+19 3.01285e+19 2.40348e+19 1.89799e+19 1.45837e+19 1.11818e+19 8.77245e+18 6.8814e+18 5.1484e+18 4.05928e+18 3.01086e+18 2.18585e+18 1.66327e+18 1.23846e+18 8.70746e+17 5.55645e+17 3.56183e+17 2.21426e+17 1.2772e+17 7.4242e+16 4.35187e+16 2.57387e+16 1.53667e+16 9.26415e+15 5.64079e+15 9.09041e+20
4 1 0 0 0 1.52253e+20 1.35442e+20 1.1492e+20 9.75189e+19 7.91685e+19 6.66702e+19 5.57377e+19 4.63245e+19 3.80953e+19 3.05547e+19 2.43693e+19 1.92458e+19 1.47843e+19 1.13339e+19 8.88964e+18 6.97323e+18 5.21687e+18 4.11347e+18 3.04975e+18 2.21334e+18 1.68435e+18 1.25418e+18 8.81663e+17 5.62656e+17 3.60612e+17 2.24017e+17 1.29293e+17 7.5206e+16 4.41153e+16 2.61114e+16 1.56017e+16 9.41362e+15 5.73665e+15 9.22147e+20
4 1 0 0 0 1.51861e+20 1.35114e+20 1.14644e+20 9.72843e+19 7.89651e+19 6.65055e+19 5.55941e+19 4.61888e+19 3.79844e+19 3.04647e+19 2.42917e+19 1.91865e+19 1.47346e+19 1.12942e+19 8.85614e+18 6.94685e+18 5.19689e+18 4.09793e+18 3.03684e+18 2.20318e+18 1.6768e+18 1.24858e+18 8.7758e+17 5.60097e+17 3.58904e+17 2.22784e+17 1.28664e+17 7.48926e+16 4.39648e+16 2.60434e+16 1.55743e+16 9.40533e+15 5.73672e+15 9.197e+20
4 1 0 0 0 1.42719e+20 1.27001e+20 1.07759e+20 9.14424e+19 7.42098e+19 6.25064e+19 5.22451e+19 4.33906e+19 3.56838e+19 2.86182e+19 2.28137e+19 1.80207e+19 1.38355e+19 1.06032e+19 8.31216e+18 6.52005e+18 4.87734e+18 3.84619e+18 2.84896e+18 2.0661e+18 1.57264e+18 1.17104e+18 8.22938e+17 5.25257e+17 3.36512e+17 2.08714e+17 1.20613e+17 7.02537e+16 4.12717e+16 2.44672e+16 1.46437e+16 8.8509e+15 5.40325e+15 8.64242e+20
4 1 0 0 0 1.51656e+20 1.34975e+20 1.14526e+20 9.71856e+19 7.88593e+19 6.64294e+19 5.55187e+19 4.60939e+19 3.7908e+19 3.04012e+19 2.42298e+19 1.91412e+19 1.46919e+19 1.12581e+19 8.82325e+18 6.92084e+18 5.17695e+18 4.08262e+18 3.02274e+18 2.19137e+18 1.66817e+18 1.24221e+18 8.7281e+17 5.57143e+17 3.56876e+17 2.21185e+17 1.27905e+17 7.45552e+16 4.38329e+16 2.60069e+16 1.55786e+16 9.42419e+15 5.75833e+15 9.18313e+20
4 1 0 0 0 1.51238e+20 1.34626e+20 1.1423e+20 9.69348e+19 7.86441e+19 6.6254e+19 5.53665e+19 4.59528e+19 3.77925e+19 3.03077e+19 2.41501e+19 1.90799e+19 1.46412e+19 1.12177e+19 8.78949e+18 6.89425e+18 5.15684e+18 4.06692e+18 3.00986e+18 2.1813e+18 1.66066e+18 1.23663e+18 8.68763e+17 5.54598e+17 3.55185e+17 2.19981e+17 1.27285e+17 7.42422e+16 4.36793e+16 2.59349e+16 1.55474e+16 9.41275e+15 5.75592e+15 9.15733e+20
4 1 0 0 0 1.51492e+20 1.34861e+20 1.14432e+20 9.71074e+19 7.87737e+19 6.63699e+19 5.54582e+19 4.60145e+19 3.78443e+19 3.03482e+19 2.41774e+19 1.91032e+19 1.46555e+19 1.1227e+19 8.7947e+18 6.89822e+18 5.15959e+18 4.06924e+18 3.01032e+18 2.18088e+18 1.66051e+18 1.23654e+18 8.68564e+17 5.54508e+17 3.55066e+17 2.19752e+17 1.27228e+17 7.42574e+16 4.37187e+16 2.59774e+16 1.55848e+16 9.4428e+15 5.77887e+15 9.17173e+20
4 1 0 0 0 1.51152e+20 1.34556e+20 1.14177e+20 9.68947e+19 7.85915e+19 6.62241e+19 5.53316e+19 4.58948e+19 3.77469e+19 3.02693e+19 2.41094e+19 1.90513e+19 1.46118e+19 1.11919e+19 8.765e+18 6.87481e+18 5.14185e+18 4.0554e+18 2.99877e+18 2.17172e+18 1.65371e+18 1.23149e+18 8.64882e+17 5.52195e+17 3.5352e+17 2.18632e+17 1.2666e+17 7.39765e+16 4.35852e+16 2.59181e+16 1.55617e+16 9.43658e+15 5.77986e+15 9.14986e+20
4 1 0 0 0 1.50836e+20 1.34272e+20 1.1394e+20 9.66964e+19 7.8423e+19 6.60887e+19 5.52147e+19 4.57854e+19 3.76579e+19 3.01972e+19 2.40477e+19 1.9004e+19 1.45724e+19 1.11603e+19 8.73843e+18 6.85386e+18 5.12599e+18 4.04301e+18 2.98851e+18 2.16363e+18 1.64769e+18 1.22702e+18 8.61629e+17 5.50148e+17 3.52157e+17 2.17652e+17 1.26159e+17 7.37265e+16 4.34646e+16 2.5863e+16 1.55391e+16 9.4293e+15 5.77938e+15 9.12966e+20
4 1 0 0 0 1.50954e+20 1.34362e+20 1.14024e+20 9.67748e+19 7.84755e+19 6.61449e+19 5.52562e+19 4.57995e+19 3.76707e+19 3.02062e+19 2.4048e+19 1.90067e+19 1.45693e+19 1.11557e+19 8.73185e+18 6.84852e+18 5.12169e+18 4.0398e+18 2.98436e+18 2.15955e+18 1.64482e+18 1.2249e+18 8.59955e+17 5.49126e+17 3.51416e+17 2.16973e+17 1.25875e+17 7.36288e+16 4.34502e+16 2.58815e+16 1.5567e+16 9.45667e+15 5.80256e+15 9.13481e+20
4 1 0 0 0 1.3167e+20 1.17194e+20 9.94558e+19 8.4411e+19 6.84441e+19 5.7692e+19 4.81921e+19 3.9938e+19 3.28494e+19 2.63392e+19 2.0967e+19 1.65719e+19 1.27012e+19 9.72456e+18 7.61079e+18 5.96921e+18 4.46393e+18 3.52112e+18 2.6007e+18 1.88157e+18 1.43316e+18 1.06726e+18 7.49225e+17 4.78409e+17 3.06133e+17 1.88936e+17 1.0963e+17 6.41395e+16 3.78588e+16 2.25564e+16 1.35706e+16 8.24614e+15 5.06123e+15 7.96682e+20
4 1 0 0 0 1.35694e+20 1.20769e+20 1.02494e+20 8.69934e+19 7.05318e+19 5.94583e+19 4.96646e+19 4.11467e+19 3.38443e+19 2.71364e+19 2.15976e+19 1.70718e+19 1.30814e+19 1.00144e+19 7.83596e+18 6.14572e+18 4.59575e+18 3.62521e+18 2.67657e+18 1.93586e+18 1.47465e+18 1.09818e+18 7.7082e+17 4.92228e+17 3.14927e+17 1.94239e+17 1.12769e+17 6.60156e+16 3.89909e+16 2.32464e+16 1.39953e+16 8.51019e+15 5.22696e+15 8.20927e+20
4 1 0 0 0 1.50087e+20 1.33569e+20 1.13364e+20 9.6225e+19 7.80129e+19 6.57731e+19 5.4937e+19 4.55037e+19 3.74292e+19 3.00107e+19 2.38819e+19 1.88792e+19 1.44636e+19 1.10714e+19 8.66124e+18 6.79285e+18 5.07958e+18 4.00686e+18 2.95729e+18 2.13829e+18 1.62899e+18 1.21314e+18 8.51416e+17 5.43748e+17 3.47841e+17 2.14426e+17 1.24567e+17 7.29703e+16 4.31285e+16 2.57318e+16 1.55029e+16 9.43383e+15 5.79844e+15 9.07941e+20
4 1 0 0 0 1.50409e+20 1.33848e+20 1.13605e+20 9.64339e+19 7.81765e+19 6.59178e+19 5.50546e+19 4.55895e+19 3.75004e+19 3.00671e+19 2.3923e+19 1.89131e+19 1.44865e+19 1.10877e+19 8.67227e+18 6.80136e+18 5.08578e+18 4.01179e+18 2.95993e+18 2.13954e+18 1.63008e+18 1.21396e+18 8.51885e+17 5.44066e+17 3.47996e+17 2.14397e+17 1.24612e+17 7.30367e+16 4.31925e+16 2.57854e+16 1.55447e+16 9.46515e+15 5.82128e+15 9.09783e+20
4 1 0 0 0 1.50156e+20 1.33614e+20 1.13412e+20 9.62742e+19 7.80409e+19 6.58108e+19 5.49617e+19 4.55006e+19 3.74279e+19 3.00081e+19 2.38722e+19 1.88742e+19 1.44537e+19 1.10612e+19 8.64978e+18 6.78359e+18 5.0723e+18 4.00122e+18 2.95107e+18 2.13245e+18 1.62483e+18 1.21004e+18 8.49032e+17 5.42265e+17 3.46793e+17 2.13524e+17 1.24171e+17 7.28198e+16 4.30903e+16 2.57405e+16 1.55277e+16 9.46095e+15 5.82247e+15 9.08141e+20
4 1 0 0 0 1.32755e+20 1.18124e+20 1.00267e+20 8.51179e+19 6.89897e+19 5.81831e+19 4.85873e+19 4.02126e+19 3.30781e+19 2.65194e+19 2.10929e+19 1.66778e+19 1.27688e+19 9.77039e+18 7.63887e+18 5.99069e+18 4.47919e+18 3.53349e+18 2.60521e+18 1.88192e+18 1.43406e+18 1.06796e+18 7.49237e+17 4.78523e+17 3.05983e+17 1.88268e+17 1.0953e+17 6.42621e+16 3.80447e+16 2.2738e+16 1.37238e+16 8.3664e+15 5.15171e+15 8.0276e+20
4 1 0 0 0 1.24535e+20 1.10806e+20 9.40565e+19 7.98477e+19 6.47137e+19 5.45804e+19 4.55767e+19 3.77141e+19 3.10231e+19 2.48712e+19 1.97796e+19 1.564e+19 1.19725e+19 9.16032e+18 7.16092e+18 5.61581e+18 4.19877e+18 3.31237e+18 2.44161e+18 1.76337e+18 1.3438e+18 1.00074e+18 7.02015e+17 4.4837e+17 2.86673e+17 1.76309e+17 1.02604e+17 6.02189e+16 3.56637e+16 2.1323e+16 1.28747e+16 7.85188e+15 4.83681e+15 7.52973e+20
4 1 0 0 0 0 0 0 0 0 0 0 0 0 0 0 0 0 0 0 0 0 0 0 0 0 0 0 0 0 0 0 0 0 0 0 0 0 0
4 1 0 0 0 0 0 0 0 0 0 0 0 0 0 0 0 0 0 0 0 0 0 0 0 0 0 0 0 0 0 0 0 0 0 0 0 0 0
4 1 0 0 0 0 0 0 0 0 0 0 0 0 0 0 0 0 0 0 0 0 0 0 0 0 0 0 0 0 0 0 0 0 0 0 0 0 0
4 1 0 0 0 0 0 0 0 0 0 0 0 0 0 0 0 0 0 0 0 0 0 0 0 0 0 0 0 0 0 0 0 0 0 0 0 0 0
4 1 0 0 0 0 0 0 0 0 0 0 0 0 0 0 0 0 0 0 0 0 0 0 0 0 0 0 0 0 0 0 0 0 0 0 0 0 0
4 1 0 0 0 0 0 0 0 0 0 0 0 0 0 0 0 0 0 0 0 0 0 0 0 0 0 0 0 0 0 0 0 0 0 0 0 0 0
4 1 0 0 0 0 0 0 0 0 0 0 0 0 0 0 0 0 0 0 0 0 0 0 0 0 0 0 0 0 0 0 0 0 0 0 0 0 0
4 1 0 0 0 0 0 0 0 0 0 0 0 0 0 0 0 0 0 0 0 0 0 0 0 0 0 0 0 0 0 0 0 0 0 0 0 0 0
4 1 0 0 0 0 0 0 0 0 0 0 0 0 0 0 0 0 0 0 0 0 0 0 0 0 0 0 0 0 0 0 0 0 0 0 0 0 0
4 1 0 0 0 0 0 0 0 0 0 0 0 0 0 0 0 0 0 0 0 0 0 0 0 0 0 0 0 0 0 0 0 0 0 0 0 0 0
4 1 0 0 0 1.48579e+20 1.32119e+20 1.12205e+20 9.53025e+19 7.71854e+19 6.51746e+19 5.43863e+19 4.4884e+19 3.69276e+19 2.95974e+19 2.35004e+19 1.85966e+19 1.42046e+19 1.08546e+19 8.46736e+18 6.63871e+18 4.96187e+18 3.91435e+18 2.87468e+18 2.06901e+18 1.57826e+18 1.17531e+18 8.23415e+17 5.26103e+17 3.35869e+17 2.05263e+17 1.20152e+17 7.09534e+16 4.22921e+16 2.54537e+16 1.5472e+16 9.49897e+15 5.88982e+15 8.97377e+20
4 1 0 0 0 1.48384e+20 1.31942e+20 1.12057e+20 9.51792e+19 7.70833e+19 6.50917e+19 5.43154e+19 4.48202e+19 3.68753e+19 2.95551e+19 2.34652e+19 1.85693e+19 1.41824e+19 1.0837e+19 8.45281e+18 6.62722e+18 4.95321e+18 3.90749e+18 2.86917e+18 2.06471e+18 1.57504e+18 1.17291e+18 8.21688e+17 5.25004e+17 3.35144e+17 2.04761e+17 1.19889e+17 7.08177e+16 4.22231e+16 2.54195e+16 1.54557e+16 9.49168e+15 5.88694e+15 8.96156e+20
4 1 0 0 0 1.47954e+20 1.31552e+20 1.11731e+20 9.49065e+19 7.68578e+19 6.49081e+19 5.41588e+19 4.46807e+19 3.67611e+19 2.94628e+19 2.33887e+19 1.851e+19 1.41343e+19 1.0799e+19 8.42165e+18 6.60262e+18 4.93467e+18 3.89283e+18 2.85748e+18 2.05564e+18 1.56827e+18 1.16785e+18 8.18052e+17 5.22689e+17 3.33623e+17 2.03717e+17 1.19338e+17 7.05307e+16 4.20755e+16 2.5345e+16 1.54192e+16 9.47458e+15 5.87955e+15 8.93472e+20
4 1 0 0 0 1.46675e+20 1.30409e+20 1.10764e+20 9.4088e+19 7.61915e+19 6.43506e+19 5.3691e+19 4.4287e+19 3.64375e+19 2.92028e+19 2.31799e+19 1.83457e+19 1.40067e+19 1.07006e+19 8.3437e+18 6.54138e+18 4.88878e+18 3.8566e+18 2.83018e+18 2.0355e+18 1.55301e+18 1.15648e+18 8.10013e+17 5.1756e+17 3.30316e+17 2.01608e+17 1.18151e+17 6.98578e+16 4.16921e+16 2.51251e+16 1.52921e+16 9.40061e+15 5.83611e+15 8.85679e+20
4 1 0 0 0 1.36954e+20 1.21762e+20 1.03423e+20 8.78555e+19 7.11384e+19 6.00878e+19 5.01301e+19 4.13395e+19 3.40125e+19 2.72581e+19 2.16329e+19 1.71222e+19 1.30699e+19 9.98362e+18 7.78316e+18 6.10179e+18 4.56005e+18 3.59733e+18 2.63905e+18 1.8974e+18 1.44777e+18 1.0781e+18 7.55019e+17 4.82414e+17 3.07842e+17 1.87772e+17 1.10091e+17 6.51229e+16 3.88853e+16 2.34455e+16 1.42771e+16 8.78116e+15 5.4543e+15 8.26873e+20
4 1 0 0 0 1.47799e+20 1.31399e+20 1.11613e+20 9.48168e+19 7.67732e+19 6.48528e+19 5.41033e+19 4.46082e+19 3.67025e+19 2.94137e+19 2.33414e+19 1.84756e+19 1.4101e+19 1.07704e+19 8.39532e+18 6.58156e+18 4.91853e+18 3.88004e+18 2.84572e+18 2.04551e+18 1.56089e+18 1.16233e+18 8.13942e+17 5.20085e+17 3.31848e+17 2.02333e+17 1.18683e+17 7.02397e+16 4.19612e+16 2.53127e+16 1.54218e+16 9.48975e+15 5.89715e+15 8.92314e+20
4 1 0 0 0 1.48152e+20 1.31708e+20 1.1188e+20 9.50472e+19 7.69561e+19 6.50129e+19 5.42337e+19 4.4707e+19 3.67841e+19 2.94784e+19 2.33902e+19 1.85151e+19 1.41288e+19 1.07906e+19 8.40975e+18 6.59272e+18 4.92673e+18 3.88646e+18 2.84965e+18 2.04775e+18 1.56272e+18 1.16368e+18 8.14812e+17 5.20643e+17 3.32167e+17 2.0243e+17 1.18792e+17 7.0336e+16 4.20386e+16 2.53714e+16 1.54649e+16 9.5207e+15 5.91904e+15 8.94381e+20
4 1 0 0 0 1.47411e+20 1.31043e+20 1.1132e+20 9.45747e+19 7.65698e+19 6.46923e+19 5.39631e+19 4.44753e+19 3.65938e+19 2.93252e+19 2.32659e+19 1.84177e+19 1.40521e+19 1.0731e+19 8.36197e+18 6.55511e+18 4.8985e+18 3.86412e+18 2.8325e+18 2.03485e+18 1.55299e+18 1.15642e+18 8.09651e+17 5.17348e+17 3.30028e+17 2.01028e+17 1.18022e+17 6.99121e+16 4.1805e+16 2.52425e+16 1.53937e+16 9.48132e+15 5.89724e+15 8.89834e+20
4 1 0 0 0 1.47503e+20 1.31117e+20 1.11386e+20 9.46355e+19 7.66151e+19 6.4737e+19 5.39978e+19 4.44948e+19 3.66103e+19 2.93376e+19 2.3273e+19 1.84243e+19 1.40548e+19 1.0732e+19 8.36133e+18 6.55445e+18 4.89787e+18 3.86357e+18 2.83128e+18 2.03338e+18 1.552e+18 1.15566e+18 8.09041e+17 5.16961e+17 3.29743e+17 2.00753e+17 1.17914e+17 6.98815e+16 4.18071e+16 2.52563e+16 1.54097e+16 9.49579e+15 5.909e+15 8.90311e+20
4 1 0 0 0 1.4718e+20 1.30822e+20 1.1114e+20 9.4429e+19 7.64441e+19 6.45987e+19 5.38801e+19 4.43894e+19 3.65239e+19 2.92677e+19 2.3215e+19 1.83793e+19 1.40182e+19 1.0703e+19 8.33747e+18 6.53559e+18 4.88365e+18 3.85231e+18 2.82227e+18 2.02635e+18 1.54675e+18 1.15174e+18 8.06219e+17 5.15161e+17 3.28559e+17 1.99936e+17 1.17485e+17 6.96585e+16 4.16929e+16 2.5199e+16 1.53819e+16 9.48293e+15 5.90359e+15 8.88281e+20
4 1 0 0 0 1.47543e+20 1.31137e+20 1.11411e+20 9.46634e+19 7.66299e+19 6.47623e+19 5.4014e+19 4.44909e+19 3.66077e+19 2.93341e+19 2.3265e+19 1.84199e+19 1.40467e+19 1.07237e+19 8.35226e+18 6.54703e+18 4.89206e+18 3.85888e+18 2.8263e+18 2.02865e+18 1.54863e+18 1.15312e+18 8.07108e+17 5.15731e+17 3.28885e+17 2.00034e+17 1.17595e+17 6.9757e+16 4.17721e+16 2.52593e+16 1.54261e+16 9.51472e+15 5.92609e+15 8.90393e+20
4 1 0 0 0 1.4726e+20 1.3088e+20 1.11196e+20 9.44828e+19 7.64811e+19 6.4641e+19 5.39111e+19 4.44e+19 3.65331e+19 2.92739e+19 2.32153e+19 1.83813e+19 1.40157e+19 1.06992e+19 8.33225e+18 6.53123e+18 4.88016e+18 3.84946e+18 2.81884e+18 2.02289e+18 1.54431e+18 1.1499e+18 8.04797e+17 5.14255e+17 3.27918e+17 1.99376e+17 1.17246e+17 6.95726e+16 4.16756e+16 2.52095e+16 1.54009e+16 9.50229e+15 5.92022e+15 8.88631e+20
4 1 0 0 0 1.46791e+20 1.30453e+20 1.10838e+20 9.41839e+19 7.62337e+19 6.44412e+19 5.37408e+19 4.42475e+19 3.64081e+19 2.91726e+19 2.31313e+19 1.83161e+19 1.39626e+19 1.06572e+19 8.29766e+18 6.50388e+18 4.85955e+18 3.83309e+18 2.80575e+18 2.01265e+18 1.53668e+18 1.14418e+18 8.00689e+17 5.11632e+17 3.26193e+17 1.98186e+17 1.16621e+17 6.92481e+16 4.15097e+16 2.51263e+16 1.53606e+16 9.48374e+15 5.91245e+15 8.85691e+20
4 1 0 0 0 1.47064e+20 1.30689e+20 1.11042e+20 9.43601e+19 7.63732e+19 6.45643e+19 5.38414e+19 4.43231e+19 3.64705e+19 2.9222e+19 2.31683e+19 1.83462e+19 1.39836e+19 1.06724e+19 8.30836e+18 6.51214e+18 4.8656e+18 3.83781e+18 2.80856e+18 2.01419e+18 1.53795e+18 1.14512e+18 8.01277e+17 5.12007e+17 3.26402e+17 1.98231e+17 1.16691e+17 6.93156e+16 4.15663e+16 2.51705e+16 1.53935e+16 9.50766e+15 5.92952e+15 8.87273e+20
4 1 0 0 0 3.07334e+19 2.73104e+19 2.32054e+19 1.97195e+19 1.59601e+19 1.34931e+19 1.12518e+19 9.26163e+18 7.6208e+18 6.10607e+18 4.84081e+18 3.83339e+18 2.92154e+18 2.22962e+18 1.73557e+18 1.36033e+18 1.01636e+18 8.01664e+17 5.86573e+17 4.20593e+17 3.21163e+17 2.39127e+17 1.67316e+17 1.06913e+17 6.81517e+16 4.13779e+16 2.43638e+16 1.44763e+16 8.68337e+15 5.25967e+15 3.21755e+15 1.98782e+15 1.24004e+15 1.85412e+20
4 1 0 0 0 0 0 0 0 0 0 0 0 0 0 0 0 0 0 0 0 0 0 0 0 0 0 0 0 0 0 0 0 0 0 0 0 0 0
4 1 0 0 0 0 0 0 0 0 0 0 0 0 0 0 0 0 0 0 0 0 0 0 0 0 0 0 0 0 0 0 0 0 0 0 0 0 0
4 1 0 0 0 0 0 0 0 0 0 0 0 0 0 0 0 0 0 0 0 0 0 0 0 0 0 0 0 0 0 0 0 0 0 0 0 0 0
4 1 0 0 0 0 0 0 0 0 0 0 0 0 0 0 0 0 0 0 0 0 0 0 0 0 0 0 0 0 0 0 0 0 0 0 0 0 0
4 1 0 0 0 0 0 0 0 0 0 0 0 0 0 0 0 0 0 0 0 0 0 0 0 0 0 0 0 0 0 0 0 0 0 0 0 0 0
4 1 0 0 0 0 0 0 0 0 0 0 0 0 0 0 0 0 0 0 0 0 0 0 0 0 0 0 0 0 0 0 0 0 0 0 0 0 0
4 1 0 0 0 0 0 0 0 0 0 0 0 0 0 0 0 0 0 0 0 0 0 0 0 0 0 0 0 0 0 0 0 0 0 0 0 0 0
4 1 0 0 0 1.63798e+19 1.45619e+19 1.23499e+19 1.04749e+19 8.52444e+18 7.1637e+18 5.99744e+18 5.01473e+18 4.12223e+18 3.30795e+18 2.64885e+18 2.08826e+18 1.61157e+18 1.23859e+18 9.75798e+17 7.65616e+17 5.7322e+17 4.51575e+17 3.37389e+17 2.4631e+17 1.87116e+17 1.39272e+17 9.81769e+16 6.256e+16 4.02222e+16 2.53044e+16 1.44487e+16 8.3052e+15 4.80897e+15 2.8068e+15 1.65225e+15 9.81426e+14 5.88466e+14 9.94203e+19
4 1 0 0 0 1.30664e+20 1.16182e+20 9.85337e+19 8.3574e+19 6.80051e+19 5.71519e+19 4.7843e+19 3.99946e+19 3.28762e+19 2.63813e+19 2.11218e+19 1.66526e+19 1.28491e+19 9.87437e+18 7.77809e+18 6.10266e+18 4.56895e+18 3.59944e+18 2.68857e+18 1.96233e+18 1.49083e+18 1.10965e+18 7.82144e+17 4.98408e+17 3.20411e+17 2.01484e+17 1.15086e+17 6.6178e+16 3.83356e+16 2.23854e+16 1.31841e+16 7.83552e+15 4.70088e+15 7.93076e+20
4 1 0 0 0 1.49676e+20 1.33111e+20 1.12892e+20 9.57534e+19 7.79012e+19 6.54753e+19 5.48039e+19 4.57946e+19 3.76444e+19 3.02064e+19 2.41777e+19 1.9064e+19 1.47053e+19 1.1299e+19 8.89768e+18 6.981e+18 5.22627e+18 4.11757e+18 3.07405e+18 2.24285e+18 1.70414e+18 1.26845e+18 8.93915e+17 5.69688e+17 3.66159e+17 2.30064e+17 1.31497e+17 7.5671e+16 4.38707e+16 2.56405e+16 1.51159e+16 8.99295e+15 5.40117e+15 9.08381e+20
4 1 0 0 0 1.54861e+20 1.37748e+20 1.16826e+20 9.90919e+19 8.06013e+19 6.77518e+19 5.67022e+19 4.73598e+19 3.89317e+19 3.12381e+19 2.49961e+19 1.97118e+19 1.52001e+19 1.16771e+19 9.19262e+18 7.21234e+18 5.39916e+18 4.25416e+18 3.17432e+18 2.31512e+18 1.75925e+18 1.30952e+18 9.22679e+17 5.8809e+17 3.77903e+17 2.37234e+17 1.35693e+17 7.81475e+16 4.53466e+16 2.65289e+16 1.5656e+16 9.32471e+15 5.607e+15 9.39756e+20
4 1 0 0 0 1.54404e+20 1.37369e+20 1.16506e+20 9.88214e+19 8.03648e+19 6.75604e+19 5.65347e+19 4.71985e+19 3.87997e+19 3.11311e+19 2.49029e+19 1.96408e+19 1.51403e+19 1.16291e+19 9.15195e+18 7.18038e+18 5.37492e+18 4.23545e+18 3.15862e+18 2.30278e+18 1.75007e+18 1.30274e+18 9.17717e+17 5.85002e+17 3.75832e+17 2.3572e+17 1.34926e+17 7.777e+16 4.51688e+16 2.64512e+16 1.56269e+16 9.31805e+15 5.60973e+15 9.36889e+20
4 1 0 0 0 1.53938e+20 1.36981e+20 1.16178e+20 9.85445e+19 8.0124e+19 6.73647e+19 5.63639e+19 4.70357e+19 3.86664e+19 3.1023e+19 2.48093e+19 1.95693e+19 1.50805e+19 1.15813e+19 9.11154e+18 7.14861e+18 5.35085e+18 4.21684e+18 3.14309e+18 2.2906e+18 1.74101e+18 1.29605e+18 9.12826e+17 5.81952e+17 3.73791e+17 2.34238e+17 1.34172e+17 7.73959e+16 4.49902e+16 2.63714e+16 1.55956e+16 9.30936e+15 5.61079e+15 9.33975e+20
4 1 0 0 0 1.51433e+20 1.34778e+20 1.14311e+20 9.69615e+19 7.88225e+19 6.62766e+19 5.54468e+19 4.62517e+19 3.80225e+19 3.05053e+19 2.43888e+19 1.92398e+19 1.48223e+19 1.1381e+19 8.95152e+18 7.023e+18 5.25656e+18 4.14286e+18 3.08643e+18 2.24851e+18 1.70921e+18 1.27241e+18 8.96018e+17 5.71299e+17 3.66874e+17 2.29718e+17 1.31669e+17 7.60081e+16 4.42192e+16 2.59424e+16 1.53564e+16 9.17576e+15 5.53606e+15 9.18703e+20
4 1 0 0 0 1.53776e+20 1.36891e+20 1.16104e+20 9.84833e+19 8.00444e+19 6.73105e+19 5.63047e+19 4.69475e+19 3.8595e+19 3.09635e+19 2.47482e+19 1.95256e+19 1.50378e+19 1.15446e+19 9.07751e+18 7.12179e+18 5.33021e+18 4.20125e+18 3.12832e+18 2.27818e+18 1.73195e+18 1.2894e+18 9.07804e+17 5.7888e+17 3.71663e+17 2.32518e+17 1.33367e+17 7.70474e+16 4.48621e+16 2.63438e+16 1.56095e+16 9.33676e+15 5.63933e+15 9.32838e+20
4 1 0 0 0 1.53513e+20 1.36679e+20 1.15927e+20 9.83346e+19 7.9907e+19 6.72033e+19 5.62078e+19 4.6845e+19 3.85115e+19 3.08953e+19 2.46859e+19 1.9479e+19 1.49968e+19 1.1511e+19 9.04809e+18 7.09862e+18 5.31255e+18 4.1877e+18 3.11644e+18 2.26858e+18 1.72487e+18 1.28417e+18 9.03933e+17 5.76484e+17 3.70036e+17 2.31279e+17 1.3276e+17 7.67632e+16 4.47391e+16 2.62987e+16 1.56e+16 9.34188e+15 5.64924e+15 9.3113e+20
4 1 0 0 0 1.52946e+20 1.36187e+20 1.15513e+20 9.79864e+19 7.96055e+19 6.69612e+19 5.59981e+19 4.6645e+19 3.83486e+19 3.07631e+19 2.45714e+19 1.93916e+19 1.49234e+19 1.14521e+19 8.99824e+18 7.05941e+18 5.28283e+18 4.16468e+18 3.09718e+18 2.25341e+18 1.71359e+18 1.27583e+18 8.97837e+17 5.72678e+17 3.67487e+17 2.29424e+17 1.31818e+17 7.62982e+16 4.45186e+16 2.62012e+16 1.55625e+16 9.33228e+15 5.65147e+15 9.27515e+20
4 1 0 0 0 1.53457e+20 1.36664e+20 1.15917e+20 9.83304e+19 7.98709e+19 6.71912e+19 5.61844e+19 4.67826e+19 3.84625e+19 3.08535e+19 2.46372e+19 1.94457e+19 1.49608e+19 1.1479e+19 9.01689e+18 7.07396e+18 5.29345e+18 4.17334e+18 3.10214e+18 2.25622e+18 1.71591e+18 1.27759e+18 8.98919e+17 5.73425e+17 3.67894e+17 2.29495e+17 1.31945e+17 7.64269e+16 4.46289e+16 2.62885e+16 1.56285e+16 9.38077e+15 5.68641e+15 9.30526e+20
4 1 0 0 0 1.53279e+20 1.36538e+20 1.15808e+20 9.82357e+19 7.97858e+19 6.71204e+19 5.61205e+19 4.67212e+19 3.84121e+19 3.08124e+19 2.46016e+19 1.94184e+19 1.49379e+19 1.14606e+19 9.00139e+18 7.06177e+18 5.28421e+18 4.16618e+18 3.09617e+18 2.25152e+18 1.71241e+18 1.27501e+18 8.97032e+17 5.72246e+17 3.67105e+17 2.28923e+17 1.31655e+17 7.62826e+16 4.45601e+16 2.62579e+16 1.56165e+16 9.37746e+15 5.68685e+15 9.29475e+20
4 1 0 0 0 1.52961e+20 1.36279e+20 1.15588e+20 9.8049e+19 7.96223e+19 6.69878e+19 5.60041e+19 4.66099e+19 3.83212e+19 3.07386e+19 2.45375e+19 1.93695e+19 1.48968e+19 1.14276e+19 8.97343e+18 7.03976e+18 5.26753e+18 4.15324e+18 3.08534e+18 2.24298e+18 1.70607e+18 1.27031e+18 8.93599e+17 5.701e+17 3.65669e+17 2.27878e+17 1.31124e+17 7.60209e+16 4.44361e+16 2.62031e+16 1.55954e+16 9.37208e+15 5.68812e+15 9.27497e+20
4 1 0 0 0 1.52748e+20 1.36112e+20 1.15447e+20 9.79292e+19 7.95124e+19 6.69014e+19 5.59261e+19 4.65293e+19 3.82556e+19 3.0685e+19 2.44891e+19 1.93331e+19 1.4865e+19 1.14016e+19 8.9508e+18 7.02192e+18 5.25395e+18 4.14275e+18 3.07623e+18 2.23561e+18 1.70063e+18 1.26629e+18 8.90632e+17 5.68253e+17 3.6442e+17 2.26936e+17 1.3066e+17 7.58016e+16 4.43396e+16 2.61663e+16 1.55862e+16 9.37445e+15 5.6945e+15 9.2614e+20
4 1 0 0 0 1.52493e+20 1.35905e+20 1.15272e+20 9.77816e+19 7.93792e+19 6.67959e+19 5.58319e+19 4.64342e+19 3.81783e+19 3.06219e+19 2.44329e+19 1.92906e+19 1.48282e+19 1.13717e+19 8.92494e+18 7.00154e+18 5.23845e+18 4.13077e+18 3.06591e+18 2.22732e+18 1.6945e+18 1.26176e+18 8.87294e+17 5.66174e+17 3.63016e+17 2.25887e+17 1.3014e+17 7.55532e+16 4.42283e+16 2.61221e+16 1.55734e+16 9.37524e+15 5.70027e+15 9.2451e+20
4 1 0 0 0 1.52296e+20 1.3573e+20 1.15127e+20 9.76616e+19 7.92715e+19 6.67124e+19 5.57573e+19 4.63571e+19 3.81161e+19 3.05712e+19 2.4387e+19 1.92563e+19 1.4798e+19 1.13469e+19 8.90329e+18 6.98447e+18 5.22544e+18 4.12073e+18 3.05714e+18 2.2202e+18 1.68925e+18 1.25787e+18 8.84424e+17 5.64388e+17 3.61806e+17 2.24971e+17 1.29691e+17 7.53421e+16 4.41365e+16 2.60879e+16 1.55656e+16 9.37847e+15 5.70715e+15 9.23188e+20
4 1 0 0 0 1.52239e+20 1.35678e+20 1.15086e+20 9.76303e+19 7.92368e+19 6.66901e+19 5.57342e+19 4.63238e+19 3.80899e+19 3.05494e+19 2.43647e+19 1.92405e+19 1.47822e+19 1.13333e+19 8.89053e+18 6.97436e+18 5.21767e+18 4.11477e+18 3.05148e+18 2.21538e+18 1.68574e+18 1.25528e+18 8.82471e+17 5.63182e+17 3.60972e+17 2.243e+17 1.29378e+17 7.52073e+16 4.40873e+16 2.60777e+16 1.55714e+16 9.3893e+15 5.71833e+15 9.2272e+20
4 1 0 0 0 1.52099e+20 1.35545e+20 1.14979e+20 9.75433e+19 7.91578e+19 6.66313e+19 5.56812e+19 4.62657e+19 3.80431e+19 3.05111e+19 2.43293e+19 1.92142e+19 1.47586e+19 1.13136e+19 8.87305e+18 6.96055e+18 5.20712e+18 4.10663e+18 3.04422e+18 2.2094e+18 1.68135e+18 1.25203e+18 8.80057e+17 5.6168e+17 3.5995e+17 2.23514e+17 1.28997e+17 7.50328e+16 4.40145e+16 2.60532e+16 1.55684e+16 9.39481e+15 5.7262e+15 9.21737e+20
4 1 0 0 0 1.51989e+20 1.35437e+20 1.14893e+20 9.74747e+19 7.90939e+19 6.65857e+19 5.56395e+19 4.62166e+19 3.80035e+19 3.04786e+19 2.42984e+19 1.91916e+19 1.47376e+19 1.1296e+19 8.85712e+18 6.94795e+18 5.19748e+18 4.0992e+18 3.03745e+18 2.20377e+18 1.67722e+18 1.24898e+18 8.77781e+17 5.60268e+17 3.58984e+17 2.22758e+17 1.28636e+17 7.48708e+16 4.39497e+16 2.60339e+16 1.55688e+16 9.40251e+15 5.73552e+15 9.20928e+20
4 1 0 0 0 1.51837e+20 1.35292e+20 1.14775e+20 9.73791e+19 7.90088e+19 6.65218e+19 5.55826e+19 4.61557e+19 3.79543e+19 3.04384e+19 2.42617e+19 1.91643e+19 1.47131e+19 1.12758e+19 8.83931e+18 6.93388e+18 5.18674e+18 4.09088e+18 3.03011e+18 2.19774e+18 1.67279e+18 1.24569e+18 8.75351e+17 5.58753e+17 3.57955e+17 2.21974e+17 1.28255e+17 7.46939e+16 4.38744e+16 2.60073e+16 1.55642e+16 9.40671e+15 5.74243e+15 9.19874e+20
4 1 0 0 0 1.51654e+20 1.35121e+20 1.14634e+20 9.72638e+19 7.89086e+19 6.64444e+19 5.55147e+19 4.60872e+19 3.78987e+19 3.03931e+19 2.42215e+19 1.9134e+19 1.46868e+19 1.12543e+19 8.82069e+18 6.91917e+18 5.17556e+18 4.08218e+18 3.02261e+18 2.19167e+18 1.66831e+18 1.24237e+18 8.72905e+17 5.57222e+17 3.56923e+17 2.21204e+17 1.27874e+17 7.45125e+16 4.37935e+16 2.59754e+16 1.55551e+16 9.40751e+15 5.74679e+15 9.18649e+20
4 1 0 0 0 1.51447e+20 1.34926e+20 1.14474e+20 9.71331e+19 7.87946e+19 6.63568e+19 5.54377e+19 4.60087e+19 3.7835e+19 3.03412e+19 2.41753e+19 1.90992e+19 1.46565e+19 1.12295e+19 8.79912e+18 6.90213e+18 5.1626e+18 4.0721e+18 3.01389e+18 2.18459e+18 1.66309e+18 1.2385e+18 8.70053e+17 5.55437e+17 3.55718e+17 2.20301e+17 1.27429e+17 7.43016e+16 4.37001e+16 2.59392e+16 1.55455e+16 9.40911e+15 5.75237e+15 9.17254e+20
4 1 0 0 0 1.51343e+20 1.34825e+20 1.14394e+20 9.7069e+19 7.87358e+19 6.63145e+19 5.5399e+19 4.59639e+19 3.77989e+19 3.03115e+19 2.41473e+19 1.90786e+19 1.46375e+19 1.12136e+19 8.7848e+18 6.89079e+18 5.15392e+18 4.06538e+18 3.00781e+18 2.17952e+18 1.65937e+18 1.23574e+18 8.68005e+17 5.54161e+17 3.54848e+17 2.19625e+17 1.27105e+17 7.41554e+16 4.3641e+16 2.59209e+16 1.5545e+16 9.41538e+15 5.76023e+15 9.16507e+20
4 1 0 0 0 1.51082e+20 1.34584e+20 1.14194e+20 9.69038e+19 7.85952e+19 6.62032e+19 5.53026e+19 4.58716e+19 3.77237e+19 3.02505e+19 2.40946e+19 1.90385e+19 1.46035e+19 1.11862e+19 8.76155e+18 6.87244e+18 5.14001e+18 4.05451e+18 2.99869e+18 2.17226e+18 1.65399e+18 1.23174e+18 8.65083e+17 5.52323e+17 3.53619e+17 2.18732e+17 1.26653e+17 7.39339e+16 4.35368e+16 2.58755e+16 1.5528e+16 9.41142e+15 5.76172e+15 9.14809e+20
4 1 0 0 0 1.50901e+20 1.34414e+20 1.14055e+20 9.67898e+19 7.84963e+19 6.6127e+19 5.52356e+19 4.58039e+19 3.76687e+19 3.02057e+19 2.40548e+19 1.90085e+19 1.45775e+19 1.11649e+19 8.74309e+18 6.85784e+18 5.12891e+18 4.04584e+18 2.99123e+18 2.1662e+18 1.64951e+18 1.22842e+18 8.6264e+17 5.5079e+17 3.52587e+17 2.17962e+17 1.26273e+17 7.37529e+16 4.34561e+16 2.58438e+16 1.55191e+16 9.41222e+15 5.76605e+15 9.13597e+20
4 1 0 0 0 1.50734e+20 1.34257e+20 1.13927e+20 9.66854e+19 7.84053e+19 6.60574e+19 5.51741e+19 4.57408e+19 3.76175e+19 3.01639e+19 2.40175e+19 1.89804e+19 1.45529e+19 1.11447e+19 8.72552e+18 6.84395e+18 5.11834e+18 4.0376e+18 2.98408e+18 2.16036e+18 1.64521e+18 1.22522e+18 8.60289e+17 5.49316e+17 3.51592e+17 2.17216e+17 1.25906e+17 7.35796e+16 4.33799e+16 2.58146e+16 1.55116e+16 9.41392e+15 5.77092e+15 9.12476e+20
4 1 0 0 0 1.42946e+20 1.27313e+20 1.08039e+20 9.16924e+19 7.43505e+19 6.26477e+19 5.2323e+19 4.33661e+19 3.56651e+19 2.85977e+19 2.27668e+19 1.79934e+19 1.37932e+19 1.05617e+19 8.26748e+18 6.48457e+18 4.84941e+18 3.82553e+18 2.82638e+18 2.04559e+18 1.55794e+18 1.16024e+18 8.14559e+17 5.2014e+17 3.3287e+17 2.0553e+17 1.19193e+17 6.96939e+16 4.11127e+16 2.44801e+16 1.4719e+16 8.93855e+15 5.48301e+15 8.6523e+20
4 1 0 0 0 1.38496e+20 1.23344e+20 1.04675e+20 8.88413e+19 7.20336e+19 6.07011e+19 5.06942e+19 4.20062e+19 3.45473e+19 2.77007e+19 2.20494e+19 1.74276e+19 1.3357e+19 1.02266e+19 8.00371e+18 6.27758e+18 4.69447e+18 3.70335e+18 2.73525e+18 1.9791e+18 1.50742e+18 1.12262e+18 7.88056e+17 5.03235e+17 3.22011e+17 1.98718e+17 1.15296e+17 6.74492e+16 3.98097e+16 2.37175e+16 1.42686e+16 8.67012e+15 5.32146e+15 8.38212e+20
4 1 0 0 0 1.37742e+20 1.22666e+20 1.04104e+20 8.83595e+19 7.1638e+19 6.03734e+19 5.04176e+19 4.17673e+19 3.43513e+19 2.7543e+19 2.19207e+19 1.7327e+19 1.32774e+19 1.01646e+19 7.95375e+18 6.23829e+18 4.66494e+18 3.68012e+18 2.71724e+18 1.96553e+18 1.4972e+18 1.11501e+18 7.8263e+17 4.99789e+17 3.19765e+17 1.97227e+17 1.14483e+17 6.70072e+16 3.95697e+16 2.35876e+16 1.41985e+16 8.6325e+15 5.30142e+15 8.33555e+20
4 1 0 0 0 1.5041e+20 1.33941e+20 1.13677e+20 9.64889e+19 7.82235e+19 6.59296e+19 5.50544e+19 4.55977e+19 3.75021e+19 3.00686e+19 2.39272e+19 1.89143e+19 1.4491e+19 1.10925e+19 8.67817e+18 6.80635e+18 5.08956e+18 4.01516e+18 2.96367e+18 2.14318e+18 1.63265e+18 1.21589e+18 8.5334e+17 5.44966e+17 3.48623e+17 2.14908e+17 1.24807e+17 7.30867e+16 4.31833e+16 2.57563e+16 1.5513e+16 9.43728e+15 5.79908e+15 9.10122e+20
4 1 0 0 0 1.505e+20 1.34014e+20 1.13744e+20 9.655e+19 7.82674e+19 6.59731e+19 5.50875e+19 4.56141e+19 3.75162e+19 3.00792e+19 2.39321e+19 1.89195e+19 1.4492e+19 1.10921e+19 8.67624e+18 6.80471e+18 5.08818e+18 4.01411e+18 2.96194e+18 2.1413e+18 1.63135e+18 1.21493e+18 8.52566e+17 5.44492e+17 3.48274e+17 2.14573e+17 1.24672e+17 7.30463e+16 4.31832e+16 2.5771e+16 1.5531e+16 9.45392e+15 5.81276e+15 9.10572e+20
4 1 0 0 0 1.50232e+20 1.33768e+20 1.1354e+20 9.63809e+19 7.81249e+19 6.58596e+19 5.49893e+19 4.55218e+19 3.74408e+19 3.0018e+19 2.38798e+19 1.88795e+19 1.44586e+19 1.10652e+19 8.65357e+18 6.7868e+18 5.07462e+18 4.00346e+18 2.9531e+18 2.13428e+18 1.62614e+18 1.21105e+18 8.49745e+17 5.42709e+17 3.47087e+17 2.13721e+17 1.24239e+17 7.28307e+16 4.30798e+16 2.57243e+16 1.55121e+16 9.44811e+15 5.81267e+15 9.08852e+20
4 1 0 0 0 1.49963e+20 1.33522e+20 1.13335e+20 9.6211e+19 7.79818e+19 6.57455e+19 5.48908e+19 4.54294e+19 3.73654e+19 2.99569e+19 2.38276e+19 1.88395e+19 1.44252e+19 1.10384e+19 8.63104e+18 6.769e+18 5.06115e+18 3.99287e+18 2.94435e+18 2.12734e+18 1.62099e+18 1.2072e+18 8.46953e+17 5.40945e+17 3.45913e+17 2.12881e+17 1.2381e+17 7.26171e+16 4.29769e+16 2.56774e+16 1.54929e+16 9.44191e+15 5.81225e+15 9.07127e+20
4 1 0 0 0 1.49371e+20 1.32988e+20 1.12887e+20 9.58343e+19 7.76714e+19 6.54899e+19 5.46743e+19 4.52398e+19 3.72099e+19 2.98316e+19 2.37246e+19 1.87593e+19 1.43611e+19 1.09882e+19 8.59023e+18 6.73687e+18 5.03697e+18 3.97383e+18 2.92939e+18 2.11594e+18 1.61243e+18 1.20083e+18 8.42388e+17 5.38047e+17 3.44016e+17 2.116e+17 1.23123e+17 7.22503e+16 4.27825e+16 2.55754e+16 1.544e+16 9.41503e+15 5.79896e+15 9.03458e+20
4 1 0 0 0 1.49166e+20 1.32799e+20 1.1273e+20 9.57056e+19 7.75621e+19 6.54041e+19 5.45993e+19 4.51673e+19 3.71508e+19 2.97835e+19 2.36831e+19 1.87276e+19 1.43341e+19 1.09664e+19 8.57164e+18 6.72215e+18 5.02581e+18 3.96505e+18 2.922e+18 2.10999e+18 1.60802e+18 1.19755e+18 8.39993e+17 5.36534e+17 3.43004e+17 2.10863e+17 1.22753e+17 7.207e+16 4.26986e+16 2.55394e+16 1.5427e+16 9.41248e+15 5.80066e+15 9.02125e+20
4 1 0 0 0 1.49995e+20 1.3353e+20 1.13356e+20 9.62408e+19 7.79908e+19 6.57719e+19 5.49031e+19 4.54082e+19 3.73495e+19 2.99421e+19 2.38058e+19 1.88259e+19 1.44067e+19 1.10207e+19 8.61253e+18 6.75409e+18 5.04954e+18 3.98378e+18 2.93489e+18 2.11868e+18 1.61478e+18 1.20258e+18 8.43429e+17 5.38744e+17 3.44373e+17 2.11591e+17 1.23235e+17 7.23898e+16 4.2911e+16 2.56806e+16 1.55211e+16 9.4752e+15 5.84257e+15 9.07052e+20
4 1 0 0 0 1.49471e+20 1.33058e+20 1.1296e+20 9.5907e+19 7.77162e+19 6.55455e+19 5.47114e+19 4.5241e+19 3.72124e+19 2.98316e+19 2.37151e+19 1.87552e+19 1.43503e+19 1.09766e+19 8.57677e+18 6.72594e+18 5.02836e+18 3.96709e+18 2.92182e+18 2.10874e+18 1.60731e+18 1.19702e+18 8.39448e+17 5.36214e+17 3.4272e+17 2.10479e+17 1.22637e+17 7.20691e+16 4.274e+16 2.55901e+16 1.54737e+16 9.45076e+15 5.83023e+15 9.03806e+20
