32 1 0 0 0 1.50502e+20 1.34191e+20 1.13812e+20 9.6537e+19 7.82841e+19 6.58538e+19 5.50522e+19 4.57102e+19 3.75939e+19 3.0165e+19 2.40286e+19 1.89873e+19 1.45854e+19 1.11838e+19 8.76909e+18 6.8832e+18 5.14906e+18 4.06865e+18 3.01372e+18 2.19195e+18 1.66751e+18 1.24321e+18 8.73396e+17 5.5872e+17 3.57851e+17 2.2198e+17 1.28161e+17 7.45928e+16 4.37954e+16 2.59537e+16 1.55313e+16 9.38837e+15 5.73335e+15 9.11787e+20
32 1 0 0 0 1.50296e+20 1.33989e+20 1.13647e+20 9.64044e+19 7.81666e+19 6.57673e+19 5.49756e+19 4.56277e+19 3.75275e+19 3.01106e+19 2.39789e+19 1.89504e+19 1.45521e+19 1.11563e+19 8.7447e+18 6.86389e+18 5.13433e+18 4.05716e+18 3.00355e+18 2.18354e+18 1.66133e+18 1.23863e+18 8.70003e+17 5.56597e+17 3.56411e+17 2.20883e+17 1.2763e+17 7.43489e+16 4.36932e+16 2.59189e+16 1.55265e+16 9.39544e+15 5.74382e+15 9.10343e+20
32 1 0 0 0 1.50006e+20 1.33711e+20 1.1342e+20 9.62178e+19 7.80045e+19 6.56436e+19 5.48676e+19 4.55185e+19 3.7439e+19 3.00383e+19 2.39147e+19 1.89021e+19 1.451e+19 1.11217e+19 8.71471e+18 6.84016e+18 5.11628e+18 4.04306e+18 2.99138e+18 2.17364e+18 1.65402e+18 1.2332e+18 8.66008e+17 5.54086e+17 3.54719e+17 2.1962e+17 1.27006e+17 7.4052e+16 4.35608e+16 2.58668e+16 1.55118e+16 9.39673e+15 5.7509e+15 9.08376e+20
32 1 0 0 0 1.33536e+20 1.19015e+20 1.00959e+20 8.56521e+19 6.94278e+19 5.84363e+19 4.88387e+19 4.04995e+19 3.33116e+19 2.67253e+19 2.1271e+19 1.68143e+19 1.29027e+19 9.8878e+18 7.74533e+18 6.07915e+18 4.54674e+18 3.59319e+18 2.65705e+18 1.92975e+18 1.46864e+18 1.09498e+18 7.68785e+17 4.91903e+17 3.14836e+17 1.9473e+17 1.12695e+17 6.57613e+16 3.87174e+16 2.3012e+16 1.38131e+16 8.37601e+15 5.13137e+15 8.0843e+20
32 1 0 0 0 1.22546e+20 1.09205e+20 9.26442e+19 7.86033e+19 6.37055e+19 5.36298e+19 4.48181e+19 3.71494e+19 3.05574e+19 2.45149e+19 1.95062e+19 1.54213e+19 1.18298e+19 9.06383e+18 7.09753e+18 5.57058e+18 4.16614e+18 3.2926e+18 2.43335e+18 1.76647e+18 1.34456e+18 1.0025e+18 7.03706e+17 4.50314e+17 2.88148e+17 1.78051e+17 1.0313e+17 6.02353e+16 3.5499e+16 2.1121e+16 1.26917e+16 7.70451e+15 4.72521e+15 7.41734e+20
32 1 0 0 0 1.48491e+20 1.32307e+20 1.12251e+20 9.52453e+19 7.71851e+19 6.49898e+19 5.43079e+19 4.49977e+19 3.70145e+19 2.96945e+19 2.36216e+19 1.86773e+19 1.43229e+19 1.09722e+19 8.58916e+18 6.74112e+18 5.04134e+18 3.98437e+18 2.94298e+18 2.13547e+18 1.62564e+18 1.2121e+18 8.50672e+17 5.44417e+17 3.48286e+17 2.1502e+17 1.24649e+17 7.28705e+16 4.29871e+16 2.56021e+16 1.54005e+16 9.35871e+15 5.74576e+15 8.98604e+20
32 1 0 0 0 1.49052e+20 1.32791e+20 1.12669e+20 9.56058e+19 7.74689e+19 6.52394e+19 5.45123e+19 4.5151e+19 3.71417e+19 2.97954e+19 2.36966e+19 1.87385e+19 1.43657e+19 1.10031e+19 8.61095e+18 6.75804e+18 5.05375e+18 3.99425e+18 2.94885e+18 2.13882e+18 1.62838e+18 1.21414e+18 8.51965e+17 5.45273e+17 3.48766e+17 2.1514e+17 1.24807e+17 7.30187e+16 4.31094e+16 2.56968e+16 1.5471e+16 9.4099e+15 5.7823e+15 9.01836e+20
32 1 0 0 0 1.48964e+20 1.32697e+20 1.12596e+20 9.55503e+19 7.74151e+19 6.52054e+19 5.44796e+19 4.51069e+19 3.71065e+19 2.97661e+19 2.36677e+19 1.87177e+19 1.43452e+19 1.09855e+19 8.59464e+18 6.74504e+18 5.04377e+18 3.98645e+18 2.94159e+18 2.13258e+18 1.62384e+18 1.21076e+18 8.49439e+17 5.43689e+17 3.4768e+17 2.14282e+17 1.24404e+17 7.28423e+16 4.30425e+16 2.56801e+16 1.54753e+16 9.42135e+15 5.79475e+15 9.01134e+20
32 1 0 0 0 1.48713e+20 1.32454e+20 1.12398e+20 9.53884e+19 7.72744e+19 6.50993e+19 5.43864e+19 4.50111e+19 3.7029e+19 2.97027e+19 2.36111e+19 1.86752e+19 1.43078e+19 1.09547e+19 8.56775e+18 6.72374e+18 5.02755e+18 3.97374e+18 2.93054e+18 2.12352e+18 1.61717e+18 1.2058e+18 8.45784e+17 5.41389e+17 3.46129e+17 2.13119e+17 1.23833e+17 7.2574e+16 4.29252e+16 2.56357e+16 1.54644e+16 9.42449e+15 5.80265e+15 8.99416e+20
32 1 0 0 0 1.48503e+20 1.32249e+20 1.12232e+20 9.5254e+19 7.71561e+19 6.50119e+19 5.43089e+19 4.49288e+19 3.69625e+19 2.96482e+19 2.35617e+19 1.86383e+19 1.42748e+19 1.09274e+19 8.54362e+18 6.7046e+18 5.01297e+18 3.96231e+18 2.92048e+18 2.11519e+18 1.61105e+18 1.20124e+18 8.42422e+17 5.39275e+17 3.44699e+17 2.12036e+17 1.23307e+17 7.233e+16 4.28211e+16 2.55987e+16 1.54576e+16 9.42988e+15 5.8118e+15 8.97961e+20
32 1 0 0 0 1.48282e+20 1.32035e+20 1.12057e+20 9.51122e+19 7.70326e+19 6.49193e+19 5.42273e+19 4.48442e+19 3.68941e+19 2.95922e+19 2.35116e+19 1.86007e+19 1.42415e+19 1.09e+19 8.51962e+18 6.68556e+18 4.99847e+18 3.95092e+18 2.91056e+18 2.10702e+18 1.60504e+18 1.19676e+18 8.39126e+17 5.37197e+17 3.43297e+17 2.10985e+17 1.22792e+17 7.20886e+16 4.27161e+16 2.55594e+16 1.54484e+16 9.43316e+15 5.81925e+15 8.96448e+20
32 1 0 0 0 1.48028e+20 1.31792e+20 1.11858e+20 9.495e+19 7.68928e+19 6.4813e+19 5.41341e+19 4.47503e+19 3.6818e+19 2.953e+19 2.34566e+19 1.85593e+19 1.42053e+19 1.08703e+19 8.49391e+18 6.66518e+18 4.98298e+18 3.93873e+18 2.90006e+18 2.09843e+18 1.59872e+18 1.19205e+18 8.35665e+17 5.35013e+17 3.41828e+17 2.09894e+17 1.22254e+17 7.18327e+16 4.26021e+16 2.55145e+16 1.54356e+16 9.43417e+15 5.82524e+15 8.94744e+20
32 1 0 0 0 1.47961e+20 1.31717e+20 1.11802e+20 9.49077e+19 7.68509e+19 6.47883e+19 5.41093e+19 4.47142e+19 3.67893e+19 2.95059e+19 2.34324e+19 1.8542e+19 1.4188e+19 1.08552e+19 8.47975e+18 6.65386e+18 4.97428e+18 3.93188e+18 2.89362e+18 2.09284e+18 1.59466e+18 1.18902e+18 8.33398e+17 5.33587e+17 3.4085e+17 2.09119e+17 1.21892e+17 7.16765e+16 4.25445e+16 2.55017e+16 1.54412e+16 9.44572e+15 5.83732e+15 8.94182e+20
32 1 0 0 0 1.47827e+20 1.31582e+20 1.11694e+20 9.48227e+19 7.67743e+19 6.47346e+19 5.40602e+19 4.46578e+19 3.67439e+19 2.94684e+19 2.33974e+19 1.85162e+19 1.4164e+19 1.0835e+19 8.46156e+18 6.63937e+18 4.96321e+18 3.92316e+18 2.88577e+18 2.08621e+18 1.58981e+18 1.1854e+18 8.30716e+17 5.31895e+17 3.39701e+17 2.08235e+17 1.21469e+17 7.14853e+16 4.24668e+16 2.54773e+16 1.544e+16 9.45334e+15 5.84709e+15 8.93215e+20
32 1 0 0 0 1.47776e+20 1.31521e+20 1.1165e+20 9.4791e+19 7.67411e+19 6.47174e+19 5.40417e+19 4.46267e+19 3.67193e+19 2.94476e+19 2.33758e+19 1.8501e+19 1.41482e+19 1.08211e+19 8.44829e+18 6.62875e+18 4.95503e+18 3.91671e+18 2.87961e+18 2.0808e+18 1.58589e+18 1.18248e+18 8.28524e+17 5.30516e+17 3.38752e+17 2.07477e+17 1.21118e+17 7.13359e+16 4.24135e+16 2.54672e+16 1.54473e+16 9.46602e+15 5.8599e+15 8.92753e+20
32 1 0 0 0 1.4688e+20 1.30707e+20 1.10966e+20 9.42169e+19 7.62682e+19 6.43303e+19 5.37138e+19 4.43391e+19 3.64838e+19 2.92575e+19 2.32195e+19 1.83792e+19 1.40506e+19 1.07445e+19 8.38589e+18 6.57955e+18 4.918e+18 3.88745e+18 2.85657e+18 2.06313e+18 1.57264e+18 1.17259e+18 8.21441e+17 5.26005e+17 3.35799e+17 2.05478e+17 1.2005e+17 7.07686e+16 4.21144e+16 2.53112e+16 1.53672e+16 9.42573e+15 5.84031e+15 8.87169e+20
32 1 0 0 0 1.47953e+20 1.31648e+20 1.11772e+20 9.49063e+19 7.68201e+19 6.48051e+19 5.41066e+19 4.46501e+19 3.67404e+19 2.94624e+19 2.33778e+19 1.85061e+19 1.41441e+19 1.08144e+19 8.43842e+18 6.62057e+18 4.94846e+18 3.91151e+18 2.87305e+18 2.0742e+18 1.58126e+18 1.17901e+18 8.25817e+17 5.28826e+17 3.37542e+17 2.06394e+17 1.20664e+17 7.11795e+16 4.23893e+16 2.54951e+16 1.54903e+16 9.50818e+15 5.8956e+15 8.93522e+20
32 1 0 0 0 1.47933e+20 1.31616e+20 1.11751e+20 9.48946e+19 7.68038e+19 6.48016e+19 5.40996e+19 4.46297e+19 3.67246e+19 2.94487e+19 2.33623e+19 1.84956e+19 1.41321e+19 1.08035e+19 8.42769e+18 6.61193e+18 4.94179e+18 3.90622e+18 2.86784e+18 2.06954e+18 1.57789e+18 1.17649e+18 8.2392e+17 5.2763e+17 3.36716e+17 2.05724e+17 1.20359e+17 7.10534e+16 4.23475e+16 2.54905e+16 1.55e+16 9.52177e+15 5.90863e+15 8.9326e+20
32 1 0 0 0 1.47994e+20 1.31656e+20 1.11792e+20 9.49352e+19 7.68298e+19 6.48342e+19 5.41226e+19 4.46337e+19 3.67289e+19 2.94509e+19 2.33594e+19 1.8495e+19 1.41276e+19 1.07983e+19 8.42133e+18 6.60671e+18 4.93766e+18 3.90292e+18 2.86406e+18 2.06586e+18 1.57529e+18 1.17453e+18 8.22416e+17 5.26684e+17 3.36047e+17 2.05145e+17 1.2011e+17 7.09623e+16 4.23277e+16 2.54997e+16 1.55185e+16 9.54101e+15 5.92532e+15 8.93486e+20
32 1 0 0 0 1.04919e+20 9.33262e+19 7.92497e+19 6.73037e+19 5.44638e+19 4.59668e+19 3.83697e+19 3.16336e+19 2.60317e+19 2.08728e+19 1.65526e+19 1.31067e+19 1.00093e+19 7.64941e+18 5.96417e+18 4.67888e+18 3.49672e+18 2.76393e+18 2.0274e+18 1.4618e+18 1.1148e+18 8.31182e+17 5.81914e+17 3.72675e+17 2.37743e+17 1.4503e+17 8.49682e+16 5.02341e+16 2.99847e+16 1.80767e+16 1.1009e+16 6.77324e+15 4.2093e+15 6.33336e+20
32 1 0 0 0 0 0 0 0 0 0 0 0 0 0 0 0 0 0 0 0 0 0 0 0 0 0 0 0 0 0 0 0 0 0 0 0 0 0
32 1 0 0 0 0 0 0 0 0 0 0 0 0 0 0 0 0 0 0 0 0 0 0 0 0 0 0 0 0 0 0 0 0 0 0 0 0 0
32 1 0 0 0 0 0 0 0 0 0 0 0 0 0 0 0 0 0 0 0 0 0 0 0 0 0 0 0 0 0 0 0 0 0 0 0 0 0
32 1 0 0 0 0 0 0 0 0 0 0 0 0 0 0 0 0 0 0 0 0 0 0 0 0 0 0 0 0 0 0 0 0 0 0 0 0 0
32 1 0 0 0 0 0 0 0 0 0 0 0 0 0 0 0 0 0 0 0 0 0 0 0 0 0 0 0 0 0 0 0 0 0 0 0 0 0
32 1 0 0 0 0 0 0 0 0 0 0 0 0 0 0 0 0 0 0 0 0 0 0 0 0 0 0 0 0 0 0 0 0 0 0 0 0 0
32 1 0 0 0 0 0 0 0 0 0 0 0 0 0 0 0 0 0 0 0 0 0 0 0 0 0 0 0 0 0 0 0 0 0 0 0 0 0
32 1 0 0 0 0 0 0 0 0 0 0 0 0 0 0 0 0 0 0 0 0 0 0 0 0 0 0 0 0 0 0 0 0 0 0 0 0 0
32 1 0 0 0 0 0 0 0 0 0 0 0 0 0 0 0 0 0 0 0 0 0 0 0 0 0 0 0 0 0 0 0 0 0 0 0 0 0
32 1 0 0 0 4.12879e+19 3.66613e+19 3.11026e+19 2.63894e+19 2.14422e+19 1.80399e+19 1.51006e+19 1.25822e+19 1.03475e+19 8.30343e+18 6.63103e+18 5.23417e+18 4.02951e+18 3.09314e+18 2.43082e+18 1.90766e+18 1.42762e+18 1.12646e+18 8.37846e+17 6.10472e+17 4.64099e+17 3.45731e+17 2.43282e+17 1.55333e+17 9.9671e+16 6.2246e+16 3.57437e+16 2.0678e+16 1.20596e+16 7.0949e+15 4.21281e+15 2.52576e+15 1.5294e+15 2.5004e+20
32 1 0 0 0 1.34545e+20 1.19482e+20 1.01366e+20 8.60064e+19 6.98704e+19 5.879e+19 4.92042e+19 4.09829e+19 3.37039e+19 2.7044e+19 2.15917e+19 1.70445e+19 1.31177e+19 1.00676e+19 7.90979e+18 6.20729e+18 4.64498e+18 3.66521e+18 2.72494e+18 1.98458e+18 1.5089e+18 1.12403e+18 7.90821e+17 5.0492e+17 3.23926e+17 2.0213e+17 1.16131e+17 6.72219e+16 3.92296e+16 2.30955e+16 1.37239e+16 8.23448e+15 4.99021e+15 8.1468e+20
32 1 0 0 0 1.52852e+20 1.35747e+20 1.1517e+20 9.7723e+19 7.9382e+19 6.68021e+19 5.59069e+19 4.65509e+19 3.82846e+19 3.07197e+19 2.45217e+19 1.93599e+19 1.48962e+19 1.14313e+19 8.97894e+18 7.04619e+18 5.27265e+18 4.16055e+18 3.09185e+18 2.25112e+18 1.71173e+18 1.27518e+18 8.97038e+17 5.72826e+17 3.67429e+17 2.29137e+17 1.31746e+17 7.63229e+16 4.458e+16 2.62698e+16 1.56253e+16 9.38477e+15 5.69307e+15 9.25511e+20
32 1 0 0 0 0 0 0 0 0 0 0 0 0 0 0 0 0 0 0 0 0 0 0 0 0 0 0 0 0 0 0 0 0 0 0 0 0 0
32 1 0 0 0 0 0 0 0 0 0 0 0 0 0 0 0 0 0 0 0 0 0 0 0 0 0 0 0 0 0 0 0 0 0 0 0 0 0
32 1 0 0 0 0 0 0 0 0 0 0 0 0 0 0 0 0 0 0 0 0 0 0 0 0 0 0 0 0 0 0 0 0 0 0 0 0 0
32 1 0 0 0 0 0 0 0 0 0 0 0 0 0 0 0 0 0 0 0 0 0 0 0 0 0 0 0 0 0 0 0 0 0 0 0 0 0
32 1 0 0 0 0 0 0 0 0 0 0 0 0 0 0 0 0 0 0 0 0 0 0 0 0 0 0 0 0 0 0 0 0 0 0 0 0 0
32 1 0 0 0 0 0 0 0 0 0 0 0 0 0 0 0 0 0 0 0 0 0 0 0 0 0 0 0 0 0 0 0 0 0 0 0 0 0
32 1 0 0 0 0 0 0 0 0 0 0 0 0 0 0 0 0 0 0 0 0 0 0 0 0 0 0 0 0 0 0 0 0 0 0 0 0 0
32 1 0 0 0 0 0 0 0 0 0 0 0 0 0 0 0 0 0 0 0 0 0 0 0 0 0 0 0 0 0 0 0 0 0 0 0 0 0
32 1 0 0 0 0 0 0 0 0 0 0 0 0 0 0 0 0 0 0 0 0 0 0 0 0 0 0 0 0 0 0 0 0 0 0 0 0 0
32 1 0 0 0 0 0 0 0 0 0 0 0 0 0 0 0 0 0 0 0 0 0 0 0 0 0 0 0 0 0 0 0 0 0 0 0 0 0
32 1 0 0 0 1.50639e+20 1.34025e+20 1.13733e+20 9.65225e+19 7.82372e+19 6.59387e+19 5.5103e+19 4.56512e+19 3.75541e+19 3.01184e+19 2.39627e+19 1.89448e+19 1.45204e+19 1.11188e+19 8.70099e+18 6.82642e+18 5.10482e+18 4.03067e+18 2.97594e+18 2.15543e+18 1.64146e+18 1.22314e+18 8.58412e+17 5.48766e+17 3.51054e+17 2.16544e+17 1.25661e+17 7.35349e+16 4.34197e+16 2.58822e+16 1.55811e+16 9.47485e+15 5.82036e+15 9.11002e+20
32 1 0 0 0 1.50548e+20 1.33947e+20 1.13668e+20 9.64692e+19 7.81877e+19 6.5902e+19 5.50693e+19 4.5614e+19 3.75241e+19 3.00938e+19 2.39399e+19 1.8928e+19 1.45051e+19 1.11061e+19 8.68962e+18 6.81741e+18 5.09794e+18 4.0253e+18 2.97115e+18 2.15146e+18 1.63855e+18 1.22097e+18 8.56808e+17 5.47761e+17 3.50372e+17 2.16021e+17 1.25409e+17 7.342e+16 4.33721e+16 2.58665e+16 1.55795e+16 9.47874e+15 5.82572e+15 9.10384e+20
32 1 0 0 0 1.50222e+20 1.33652e+20 1.13422e+20 9.62651e+19 7.80119e+19 6.57636e+19 5.49486e+19 4.54974e+19 3.74296e+19 3.0017e+19 2.38731e+19 1.88772e+19 1.44618e+19 1.1071e+19 8.65966e+18 6.79373e+18 5.07999e+18 4.01124e+18 2.95926e+18 2.14191e+18 1.63148e+18 1.21572e+18 8.52963e+17 5.45342e+17 3.48751e+17 2.14835e+17 1.24815e+17 7.31316e+16 4.3239e+16 2.58104e+16 1.55601e+16 9.47579e+15 5.82934e+15 9.08266e+20
32 1 0 0 0 1.46925e+20 1.30714e+20 1.10932e+20 9.41547e+19 7.6294e+19 6.43227e+19 5.37409e+19 4.44852e+19 3.6598e+19 2.93492e+19 2.33379e+19 1.84555e+19 1.41355e+19 1.08198e+19 8.46133e+18 6.638e+18 4.96335e+18 3.91922e+18 2.89027e+18 2.09128e+18 1.59307e+18 1.1871e+18 8.32773e+17 5.3246e+17 3.40459e+17 2.0959e+17 1.21837e+17 7.14298e+16 4.226e+16 2.52428e+16 1.52284e+16 9.28025e+15 5.71299e+15 8.88214e+20
32 1 0 0 0 1.22753e+20 1.09202e+20 9.26791e+19 7.86647e+19 6.3731e+19 5.3738e+19 4.48921e+19 3.71452e+19 3.05595e+19 2.4505e+19 1.94803e+19 1.54062e+19 1.17959e+19 9.02717e+18 7.05731e+18 5.53642e+18 4.13934e+18 3.2688e+18 2.40936e+18 1.74247e+18 1.32752e+18 9.89214e+17 6.93806e+17 4.43605e+17 2.8358e+17 1.74394e+17 1.0144e+17 5.9512e+16 3.52347e+16 2.10627e+16 1.27168e+16 7.75613e+15 4.77875e+15 7.41888e+20
32 1 0 0 0 1.49104e+20 1.3263e+20 1.1257e+20 9.55553e+19 7.74115e+19 6.5284e+19 5.45356e+19 4.51112e+19 3.7115e+19 2.97619e+19 2.36553e+19 1.87104e+19 1.43225e+19 1.09594e+19 8.56578e+18 6.71965e+18 5.02391e+18 3.96731e+18 2.92292e+18 2.11318e+18 1.61012e+18 1.19984e+18 8.41414e+17 5.38059e+17 3.43903e+17 2.11358e+17 1.23039e+17 7.22448e+16 4.2811e+16 2.56149e+16 1.54795e+16 9.44964e+15 5.82731e+15 9.01078e+20
32 1 0 0 0 1.49068e+20 1.32585e+20 1.12539e+20 9.55339e+19 7.73876e+19 6.52732e+19 5.45227e+19 4.50867e+19 3.70957e+19 2.97454e+19 2.36378e+19 1.86981e+19 1.43095e+19 1.09479e+19 8.55464e+18 6.71071e+18 5.01702e+18 3.96186e+18 2.91767e+18 2.10854e+18 1.60676e+18 1.19733e+18 8.39531e+17 5.36873e+17 3.43085e+17 2.10702e+17 1.22737e+17 7.21173e+16 4.27665e+16 2.56074e+16 1.54867e+16 9.46127e+15 5.83887e+15 9.00729e+20
32 1 0 0 0 1.48827e+20 1.32359e+20 1.12353e+20 9.53813e+19 7.72571e+19 6.51726e+19 5.44347e+19 4.49998e+19 3.7025e+19 2.96878e+19 2.35874e+19 1.86599e+19 1.42765e+19 1.0921e+19 8.53149e+18 6.69236e+18 5.00309e+18 3.95088e+18 2.90831e+18 2.10092e+18 1.60114e+18 1.19313e+18 8.36463e+17 5.34933e+17 3.41785e+17 2.09745e+17 1.22262e+17 7.1889e+16 4.26629e+16 2.55651e+16 1.54732e+16 9.46047e+15 5.84289e+15 8.99138e+20
32 1 0 0 0 1.48579e+20 1.32124e+20 1.1216e+20 9.52236e+19 7.7122e+19 6.50685e+19 5.43437e+19 4.49096e+19 3.69518e+19 2.96281e+19 2.35351e+19 1.86204e+19 1.42423e+19 1.08931e+19 8.50746e+18 6.67333e+18 4.98864e+18 3.93951e+18 2.8986e+18 2.09303e+18 1.59532e+18 1.18879e+18 8.33284e+17 5.32926e+17 3.40438e+17 2.08752e+17 1.21769e+17 7.16527e+16 4.2556e+16 2.55217e+16 1.54597e+16 9.45994e+15 5.84728e+15 8.97494e+20
32 1 0 0 0 1.48452e+20 1.32e+20 1.12061e+20 9.51441e+19 7.70509e+19 6.50174e+19 5.42973e+19 4.48577e+19 3.69099e+19 2.95935e+19 2.35032e+19 1.85968e+19 1.42207e+19 1.0875e+19 8.49126e+18 6.66044e+18 4.9788e+18 3.93177e+18 2.89169e+18 2.08723e+18 1.59108e+18 1.18563e+18 8.3094e+17 5.31448e+17 3.39436e+17 2.07986e+17 1.21399e+17 7.14842e+16 4.24862e+16 2.54986e+16 1.54572e+16 9.46545e+15 5.85496e+15 8.96598e+20
32 1 0 0 0 1.48149e+20 1.31718e+20 1.11828e+20 9.49515e+19 7.6888e+19 6.48893e+19 5.41863e+19 4.4752e+19 3.68237e+19 2.95235e+19 2.3443e+19 1.85508e+19 1.41818e+19 1.08436e+19 8.46462e+18 6.63936e+18 4.96282e+18 3.91918e+18 2.88117e+18 2.07879e+18 1.58482e+18 1.18096e+18 8.27542e+17 5.29296e+17 3.38001e+17 2.06948e+17 1.20875e+17 7.1226e+16 4.23642e+16 2.54447e+16 1.54365e+16 9.46005e+15 5.85605e+15 8.94632e+20
32 1 0 0 0 1.48021e+20 1.31594e+20 1.11727e+20 9.48701e+19 7.68175e+19 6.48362e+19 5.41393e+19 4.47035e+19 3.67844e+19 2.94912e+19 2.34143e+19 1.85292e+19 1.41628e+19 1.0828e+19 8.45094e+18 6.6285e+18 4.95456e+18 3.91266e+18 2.87552e+18 2.07413e+18 1.58139e+18 1.1784e+18 8.2566e+17 5.28106e+17 3.37199e+17 2.0635e+17 1.20581e+17 7.10876e+16 4.23034e+16 2.54215e+16 1.54305e+16 9.46139e+15 5.85989e+15 8.93763e+20
32 1 0 0 0 1.47759e+20 1.31344e+20 1.11524e+20 9.47046e+19 7.66742e+19 6.47283e+19 5.40436e+19 4.4605e+19 3.67045e+19 2.94258e+19 2.33561e+19 1.84854e+19 1.41241e+19 1.07961e+19 8.42315e+18 6.60642e+18 4.93777e+18 3.8994e+18 2.86402e+18 2.06464e+18 1.57441e+18 1.17319e+18 8.21834e+17 5.25685e+17 3.35569e+17 2.05133e+17 1.19984e+17 7.08063e+16 4.21799e+16 2.53743e+16 1.54185e+16 9.46408e+15 5.86767e+15 8.91995e+20
32 1 0 0 0 1.47502e+20 1.31106e+20 1.11327e+20 9.45416e+19 7.65371e+19 6.462e+19 5.39499e+19 4.45167e+19 3.66325e+19 2.93673e+19 2.33061e+19 1.84471e+19 1.40919e+19 1.07702e+19 8.40125e+18 6.58908e+18 4.92464e+18 3.88902e+18 2.8554e+18 2.05774e+18 1.5693e+18 1.16937e+18 8.19058e+17 5.23922e+17 3.34397e+17 2.04291e+17 1.19557e+17 7.05947e+16 4.20789e+16 2.5329e+16 1.54003e+16 9.45868e+15 5.86779e+15 8.90341e+20
32 1 0 0 0 1.46991e+20 1.30641e+20 1.10938e+20 9.42163e+19 7.62677e+19 6.44015e+19 5.37636e+19 4.435e+19 3.6496e+19 2.92569e+19 2.32144e+19 1.83761e+19 1.40342e+19 1.07246e+19 8.36367e+18 6.5594e+18 4.90226e+18 3.87133e+18 2.84125e+18 2.04673e+18 1.56107e+18 1.16323e+18 8.14638e+17 5.21109e+17 3.32546e+17 2.03014e+17 1.18886e+17 7.02462e+16 4.19006e+16 2.52398e+16 1.53571e+16 9.43886e+15 5.85955e+15 8.87138e+20
32 1 0 0 0 1.47299e+20 1.30904e+20 1.11167e+20 9.44159e+19 7.64236e+19 6.45414e+19 5.38768e+19 4.44311e+19 3.65635e+19 2.93101e+19 2.32527e+19 1.84078e+19 1.40552e+19 1.07392e+19 8.37316e+18 6.56666e+18 4.9075e+18 3.87544e+18 2.84316e+18 2.04733e+18 1.5617e+18 1.16369e+18 8.14846e+17 5.21255e+17 3.32586e+17 2.029e+17 1.18892e+17 7.0295e+16 4.19577e+16 2.52913e+16 1.5399e+16 9.47092e+15 5.88329e+15 8.88885e+20
32 1 0 0 0 1.47165e+20 1.30774e+20 1.11063e+20 9.43323e+19 7.63503e+19 6.4488e+19 5.38284e+19 4.43788e+19 3.65211e+19 2.92752e+19 2.32211e+19 1.83842e+19 1.40338e+19 1.07214e+19 8.35737e+18 6.55409e+18 4.89791e+18 3.86784e+18 2.83645e+18 2.04171e+18 1.55757e+18 1.1606e+18 8.12573e+17 5.19813e+17 3.31612e+17 2.02164e+17 1.18536e+17 7.01303e+16 4.18878e+16 2.52666e+16 1.53946e+16 9.47468e+15 5.88951e+15 8.87963e+20
32 1 0 0 0 1.47006e+20 1.30622e+20 1.10939e+20 9.42319e+19 7.62636e+19 6.44231e+19 5.37704e+19 4.43189e+19 3.64725e+19 2.92353e+19 2.31857e+19 1.83576e+19 1.40102e+19 1.07019e+19 8.34035e+18 6.54054e+18 4.88761e+18 3.85966e+18 2.82936e+18 2.03583e+18 1.55325e+18 1.15737e+18 8.102e+17 5.18306e+17 3.30599e+17 2.01409e+17 1.18165e+17 6.99559e+16 4.18113e+16 2.52374e+16 1.53871e+16 9.47635e+15 5.89432e+15 8.86887e+20
32 1 0 0 0 1.46903e+20 1.3052e+20 1.10858e+20 9.41681e+19 7.62067e+19 6.43833e+19 5.37335e+19 4.42765e+19 3.64383e+19 2.92069e+19 2.31595e+19 1.83382e+19 1.39922e+19 1.06867e+19 8.32664e+18 6.52959e+18 4.87925e+18 3.85301e+18 2.8234e+18 2.03076e+18 1.54955e+18 1.15459e+18 8.08149e+17 5.17004e+17 3.29717e+17 2.00735e+17 1.17842e+17 6.98097e+16 4.17516e+16 2.52183e+16 1.53858e+16 9.48175e+15 5.90142e+15 8.86157e+20
32 1 0 0 0 1.46637e+20 1.30274e+20 1.10654e+20 9.40003e+19 7.60658e+19 6.42725e+19 5.36374e+19 4.41856e+19 3.63641e+19 2.91465e+19 2.31079e+19 1.82988e+19 1.39589e+19 1.06599e+19 8.30392e+18 6.51158e+18 4.86561e+18 3.84218e+18 2.81439e+18 2.02352e+18 1.54418e+18 1.15058e+18 8.05233e+17 5.15148e+17 3.28482e+17 1.99849e+17 1.17394e+17 6.95887e+16 4.16467e+16 2.51716e+16 1.53674e+16 9.47657e+15 5.90188e+15 8.84452e+20
32 1 0 0 0 7.97885e+19 7.08804e+19 6.02082e+19 5.11486e+19 4.13876e+19 3.49743e+19 2.91855e+19 2.40376e+19 1.97828e+19 1.58559e+19 1.25693e+19 9.95399e+18 7.59187e+18 5.79702e+18 4.51504e+18 3.54042e+18 2.64541e+18 2.08896e+18 1.5297e+18 1.09951e+18 8.39126e+17 6.25231e+17 4.37522e+17 2.79908e+17 1.78461e+17 1.08518e+17 6.37752e+16 3.78236e+16 2.26478e+16 1.36956e+16 8.36555e+15 5.16134e+15 3.21597e+15 4.81204e+20
32 1 0 0 0 0 0 0 0 0 0 0 0 0 0 0 0 0 0 0 0 0 0 0 0 0 0 0 0 0 0 0 0 0 0 0 0 0 0
32 1 0 0 0 0 0 0 0 0 0 0 0 0 0 0 0 0 0 0 0 0 0 0 0 0 0 0 0 0 0 0 0 0 0 0 0 0 0
32 1 0 0 0 0 0 0 0 0 0 0 0 0 0 0 0 0 0 0 0 0 0 0 0 0 0 0 0 0 0 0 0 0 0 0 0 0 0
32 1 0 0 0 0 0 0 0 0 0 0 0 0 0 0 0 0 0 0 0 0 0 0 0 0 0 0 0 0 0 0 0 0 0 0 0 0 0
32 1 0 0 0 9.495e+18 8.43691e+18 7.15616e+18 6.07044e+18 4.93647e+18 4.15007e+18 3.47458e+18 2.90083e+18 2.38511e+18 1.91415e+18 1.53083e+18 1.20759e+18 9.31034e+17 7.15244e+17 5.629e+17 4.41741e+17 3.30673e+17 2.60752e+17 1.94438e+17 1.41892e+17 1.07817e+17 8.02946e+16 5.65563e+16 3.60831e+16 2.31783e+16 1.45368e+16 8.32032e+15 4.79579e+15 2.78561e+15 1.63155e+15 9.64149e+14 5.75108e+14 3.46386e+14 5.75747e+19
32 1 0 0 0 1.25895e+20 1.11885e+20 9.49e+19 8.05018e+19 6.54578e+19 5.50325e+19 4.60711e+19 3.84552e+19 3.16184e+19 2.53744e+19 2.02903e+19 1.60067e+19 1.2339e+19 9.47825e+18 7.45834e+18 5.8529e+18 4.38117e+18 3.4548e+18 2.57554e+18 1.87907e+18 1.42791e+18 1.0634e+18 7.48955e+17 4.77842e+17 3.06917e+17 1.92409e+17 1.10165e+17 6.35222e+16 3.69118e+16 2.16291e+16 1.27875e+16 7.6315e+15 4.59882e+15 7.63381e+20
32 1 0 0 0 1.53045e+20 1.36035e+20 1.15386e+20 9.78818e+19 7.95747e+19 6.69094e+19 5.60066e+19 4.67277e+19 3.84207e+19 3.08319e+19 2.46473e+19 1.94462e+19 1.49854e+19 1.1509e+19 9.05345e+18 7.10453e+18 5.31777e+18 4.19362e+18 3.12463e+18 2.27871e+18 1.73181e+18 1.28976e+18 9.08197e+17 5.79493e+17 3.72124e+17 2.33079e+17 1.33549e+17 7.70688e+16 4.48238e+16 2.6291e+16 1.556e+16 9.29636e+15 5.60853e+15 9.27905e+20
32 1 0 0 0 1.42077e+20 1.26306e+20 1.07135e+20 9.08837e+19 7.38686e+19 6.21186e+19 5.19889e+19 4.33548e+19 3.56478e+19 2.8605e+19 2.28596e+19 1.80379e+19 1.38951e+19 1.06695e+19 8.39027e+18 6.58405e+18 4.92783e+18 3.8865e+18 2.89413e+18 2.10969e+18 1.60356e+18 1.19427e+18 8.40775e+17 5.36521e+17 3.44445e+17 2.15525e+17 1.23579e+17 7.13722e+16 4.15473e+16 2.43927e+16 1.44516e+16 8.64371e+15 5.22084e+15 8.61265e+20
32 1 0 0 0 1.5313e+20 1.36153e+20 1.15492e+20 9.79758e+19 7.96168e+19 6.6963e+19 5.60365e+19 4.67062e+19 3.84048e+19 3.08166e+19 2.46186e+19 1.94291e+19 1.49612e+19 1.14858e+19 9.02882e+18 7.08503e+18 5.30249e+18 4.18234e+18 3.11239e+18 2.26775e+18 1.72395e+18 1.284e+18 9.03737e+17 5.76802e+17 3.70207e+17 2.31408e+17 1.32813e+17 7.67859e+16 4.47503e+16 2.63059e+16 1.56057e+16 9.34693e+15 5.65366e+15 9.28169e+20
32 1 0 0 0 1.52816e+20 1.35896e+20 1.15276e+20 9.7795e+19 7.94539e+19 6.68344e+19 5.59215e+19 4.65886e+19 3.83089e+19 3.07383e+19 2.45486e+19 1.93763e+19 1.49154e+19 1.14485e+19 8.99646e+18 7.05954e+18 5.2831e+18 4.16737e+18 3.09946e+18 2.25735e+18 1.71625e+18 1.27832e+18 8.99547e+17 5.74193e+17 3.68444e+17 2.30085e+17 1.32158e+17 7.6474e+16 4.46111e+16 2.62511e+16 1.55904e+16 9.34851e+15 5.66137e+15 9.26158e+20
32 1 0 0 0 1.53102e+20 1.36173e+20 1.15513e+20 9.79977e+19 7.96023e+19 6.6968e+19 5.60259e+19 4.66534e+19 3.8363e+19 3.07804e+19 2.45744e+19 1.93993e+19 1.49278e+19 1.14557e+19 8.99913e+18 7.06153e+18 5.28426e+18 4.16863e+18 3.09856e+18 2.25568e+18 1.71522e+18 1.27758e+18 8.98838e+17 5.73811e+17 3.68108e+17 2.29649e+17 1.32015e+17 7.646e+16 4.46469e+16 2.63001e+16 1.5637e+16 9.38759e+15 5.69197e+15 9.27776e+20
32 1 0 0 0 1.527e+20 1.35838e+20 1.15231e+20 9.77607e+19 7.93933e+19 6.6801e+19 5.58786e+19 4.65086e+19 3.82447e+19 3.06841e+19 2.44899e+19 1.93352e+19 1.48731e+19 1.14115e+19 8.96135e+18 7.03178e+18 5.26167e+18 4.15114e+18 3.08373e+18 2.24387e+18 1.70646e+18 1.27111e+18 8.94088e+17 5.70845e+17 3.66115e+17 2.28179e+17 1.31277e+17 7.6101e+16 4.44808e+16 2.62299e+16 1.56128e+16 9.38401e+15 5.69666e+15 9.25229e+20
32 1 0 0 0 1.52038e+20 1.35272e+20 1.14753e+20 9.73569e+19 7.905e+19 6.65202e+19 5.56366e+19 4.62864e+19 3.80626e+19 3.05368e+19 2.43651e+19 1.9239e+19 1.47942e+19 1.13489e+19 8.90926e+18 6.99079e+18 5.2307e+18 4.127e+18 3.06407e+18 2.22861e+18 1.69507e+18 1.26266e+18 8.87963e+17 5.66996e+17 3.63562e+17 2.26375e+17 1.3034e+17 7.56227e+16 4.42425e+16 2.61155e+16 1.55612e+16 9.36331e+15 5.69054e+15 9.2112e+20
32 1 0 0 0 1.46891e+20 1.30711e+20 1.10886e+20 9.4077e+19 7.63717e+19 6.42744e+19 5.37515e+19 4.46987e+19 3.67577e+19 2.94886e+19 2.35218e+19 1.85753e+19 1.42791e+19 1.09517e+19 8.59473e+18 6.74389e+18 5.04565e+18 3.98129e+18 2.95426e+18 2.14782e+18 1.63383e+18 1.21708e+18 8.55728e+17 5.46466e+17 3.50317e+17 2.17923e+17 1.25567e+17 7.29134e+16 4.26955e+16 2.52265e+16 1.50467e+16 9.0633e+15 5.51417e+15 8.89821e+20
32 1 0 0 0 1.5226e+20 1.35505e+20 1.14955e+20 9.7531e+19 7.91611e+19 6.6631e+19 5.57161e+19 4.63127e+19 3.80862e+19 3.05533e+19 2.43641e+19 1.92429e+19 1.47874e+19 1.13396e+19 8.89628e+18 6.98038e+18 5.22232e+18 4.12095e+18 3.05619e+18 2.22099e+18 1.6897e+18 1.25873e+18 8.84842e+17 5.65123e+17 3.62195e+17 2.25105e+17 1.29809e+17 7.54417e+16 4.42176e+16 2.6152e+16 1.56152e+16 9.41602e+15 5.73516e+15 9.22235e+20
32 1 0 0 0 1.5202e+20 1.35311e+20 1.14791e+20 9.73941e+19 7.9035e+19 6.65341e+19 5.56284e+19 4.62199e+19 3.8011e+19 3.04917e+19 2.43081e+19 1.9201e+19 1.47503e+19 1.1309e+19 8.86943e+18 6.95919e+18 5.20616e+18 4.10845e+18 3.04521e+18 2.21202e+18 1.6831e+18 1.25385e+18 8.81229e+17 5.62874e+17 3.6067e+17 2.23948e+17 1.29244e+17 7.51796e+16 4.41056e+16 2.61121e+16 1.56078e+16 9.42182e+15 5.74506e+15 9.20677e+20
32 1 0 0 0 1.51881e+20 1.35204e+20 1.14703e+20 9.73203e+19 7.8961e+19 6.64802e+19 5.55771e+19 4.61587e+19 3.79617e+19 3.04509e+19 2.4269e+19 1.91724e+19 1.47236e+19 1.12866e+19 8.8492e+18 6.94318e+18 5.19391e+18 4.099e+18 3.03661e+18 2.20485e+18 1.67784e+18 1.24996e+18 8.78332e+17 5.61076e+17 3.59439e+17 2.22986e+17 1.28786e+17 7.49737e+16 4.40234e+16 2.60877e+16 1.56084e+16 9.43172e+15 5.75698e+15 9.19731e+20
32 1 0 0 0 1.51506e+20 1.34889e+20 1.14437e+20 9.70957e+19 7.8765e+19 6.63233e+19 5.54397e+19 4.60264e+19 3.78538e+19 3.03631e+19 2.41928e+19 1.91141e+19 1.46744e+19 1.12469e+19 8.81549e+18 6.9166e+18 5.17376e+18 4.0833e+18 3.02342e+18 2.19437e+18 1.67006e+18 1.24419e+18 8.74113e+17 5.58429e+17 3.57667e+17 2.21694e+17 1.28133e+17 7.46533e+16 4.38728e+16 2.60222e+16 1.55841e+16 9.42622e+15 5.75934e+15 9.17363e+20
32 1 0 0 0 1.51153e+20 1.34592e+20 1.14186e+20 9.68844e+19 7.85801e+19 6.61758e+19 5.53103e+19 4.59012e+19 3.77518e+19 3.02801e+19 2.41204e+19 1.9059e+19 1.46277e+19 1.12092e+19 8.78337e+18 6.89127e+18 5.15454e+18 4.06833e+18 3.01081e+18 2.18432e+18 1.66261e+18 1.23866e+18 8.7007e+17 5.55893e+17 3.55968e+17 2.20451e+17 1.27507e+17 7.4347e+16 4.37298e+16 2.59605e+16 1.55617e+16 9.42169e+15 5.76215e+15 9.1513e+20
32 1 0 0 0 1.51335e+20 1.34754e+20 1.14327e+20 9.70077e+19 7.86687e+19 6.62595e+19 5.53749e+19 4.59376e+19 3.77832e+19 3.03043e+19 2.41336e+19 1.90716e+19 1.46329e+19 1.12113e+19 8.78244e+18 6.8904e+18 5.15362e+18 4.06779e+18 3.00888e+18 2.18201e+18 1.66106e+18 1.23753e+18 8.69112e+17 5.55327e+17 3.55531e+17 2.19992e+17 1.27334e+17 7.43052e+16 4.37424e+16 2.59914e+16 1.55947e+16 9.45075e+15 5.78551e+15 9.16087e+20
32 1 0 0 0 1.51078e+20 1.34519e+20 1.14133e+20 9.68469e+19 7.85277e+19 6.615e+19 5.52784e+19 4.58412e+19 3.77052e+19 3.02408e+19 2.40774e+19 1.90292e+19 1.45961e+19 1.11812e+19 8.75644e+18 6.86985e+18 5.13801e+18 4.05562e+18 2.99841e+18 2.17353e+18 1.6548e+18 1.23288e+18 8.65695e+17 5.53185e+17 3.54089e+17 2.18917e+17 1.26802e+17 7.40515e+16 4.36289e+16 2.59464e+16 1.55818e+16 9.45158e+15 5.79137e+15 9.14377e+20
32 1 0 0 0 1.50922e+20 1.34371e+20 1.14013e+20 9.6749e+19 7.84394e+19 6.60846e+19 5.52197e+19 4.57773e+19 3.76538e+19 3.01986e+19 2.40386e+19 1.90004e+19 1.45701e+19 1.11596e+19 8.73724e+18 6.85466e+18 5.12641e+18 4.04661e+18 2.99039e+18 2.1669e+18 1.64993e+18 1.22926e+18 8.63018e+17 5.51512e+17 3.52952e+17 2.18046e+17 1.2638e+17 7.38579e+16 4.35478e+16 2.59188e+16 1.5578e+16 9.45727e+15 5.79976e+15 9.13284e+20
32 1 0 0 0 1.39641e+20 1.24314e+20 1.05486e+20 8.9518e+19 7.25676e+19 6.11471e+19 5.10896e+19 4.23374e+19 3.48252e+19 2.79289e+19 2.22264e+19 1.75698e+19 1.34689e+19 1.03144e+19 8.07316e+18 6.33352e+18 4.73639e+18 3.7389e+18 2.76161e+18 2.00025e+18 1.52323e+18 1.13487e+18 7.96602e+17 5.09098e+17 3.2574e+17 2.01057e+17 1.16616e+17 6.82033e+16 4.02466e+16 2.39745e+16 1.44223e+16 8.76361e+15 5.37927e+15 8.44847e+20
32 1 0 0 0 1.50204e+20 1.33704e+20 1.1346e+20 9.62908e+19 7.80504e+19 6.57767e+19 5.49543e+19 4.5525e+19 3.74484e+19 3.00319e+19 2.3895e+19 1.88908e+19 1.44778e+19 1.10854e+19 8.67436e+18 6.80503e+18 5.0888e+18 4.0172e+18 2.96582e+18 2.14737e+18 1.63543e+18 1.2185e+18 8.55163e+17 5.46569e+17 3.4965e+17 2.15654e+17 1.25168e+17 7.32597e+16 4.32643e+16 2.57934e+16 1.55295e+16 9.44447e+15 5.80215e+15 9.08613e+20
32 1 0 0 0 1.50215e+20 1.33702e+20 1.13464e+20 9.62994e+19 7.80496e+19 6.57853e+19 5.49576e+19 4.55129e+19 3.74393e+19 3.00238e+19 2.38836e+19 1.88836e+19 1.44683e+19 1.10765e+19 8.6652e+18 6.79768e+18 5.08308e+18 4.01278e+18 2.96125e+18 2.14322e+18 1.63246e+18 1.21629e+18 8.53477e+17 5.45522e+17 3.48917e+17 2.15038e+17 1.24893e+17 7.31502e+16 4.32319e+16 2.57942e+16 1.55426e+16 9.46011e+15 5.81648e+15 9.08533e+20
32 1 0 0 0 1.50172e+20 1.33651e+20 1.13427e+20 9.6273e+19 7.80206e+19 6.57701e+19 5.49411e+19 4.54846e+19 3.7417e+19 3.00049e+19 2.38637e+19 1.88696e+19 1.44539e+19 1.10638e+19 8.65306e+18 6.78801e+18 5.07562e+18 4.00698e+18 2.95567e+18 2.13837e+18 1.62894e+18 1.21367e+18 8.51507e+17 5.44293e+17 3.48068e+17 2.14355e+17 1.24577e+17 7.30159e+16 4.31844e+16 2.57857e+16 1.55498e+16 9.47205e+15 5.82846e+15 9.08127e+20
32 1 0 0 0 1.5011e+20 1.33583e+20 1.13375e+20 9.62348e+19 7.79821e+19 6.57469e+19 5.49178e+19 4.54509e+19 3.73901e+19 2.99824e+19 2.3841e+19 1.88534e+19 1.44377e+19 1.10498e+19 8.63995e+18 6.77756e+18 5.0676e+18 4.00071e+18 2.94977e+18 2.13328e+18 1.62524e+18 1.21092e+18 8.49446e+17 5.43003e+17 3.47182e+17 2.13649e+17 1.24247e+17 7.28732e+16 4.31317e+16 2.57739e+16 1.55548e+16 9.48261e+15 5.83954e+15 9.07611e+20
32 1 0 0 0 1.40837e+20 1.25321e+20 1.06368e+20 9.02909e+19 7.3158e+19 6.16877e+19 5.15232e+19 4.26281e+19 3.50685e+19 2.81197e+19 2.23553e+19 1.76799e+19 1.35356e+19 1.03578e+19 8.09689e+18 6.35141e+18 4.74873e+18 3.74907e+18 2.76307e+18 1.99749e+18 1.52195e+18 1.13396e+18 7.95333e+17 5.08427e+17 3.25017e+17 1.99858e+17 1.16297e+17 6.82538e+16 4.0425e+16 2.41736e+16 1.45996e+16 8.90688e+15 5.48902e+15 8.514e+20
32 1 0 0 0 1.3572e+20 1.20758e+20 1.025e+20 8.70113e+19 7.04928e+19 5.94479e+19 4.96486e+19 4.10638e+19 3.37822e+19 2.70873e+19 2.153e+19 1.70287e+19 1.30335e+19 9.97209e+18 7.79347e+18 6.11329e+18 4.57047e+18 3.60847e+18 2.6583e+18 1.92102e+18 1.46384e+18 1.09067e+18 7.6485e+17 4.88961e+17 3.12517e+17 1.92022e+17 1.11804e+17 6.56597e+16 3.89153e+16 2.32875e+16 1.40748e+16 8.59314e+15 5.29962e+15 8.20321e+20
32 1 0 0 0 1.40178e+20 1.24714e+20 1.05863e+20 8.98716e+19 7.28052e+19 6.14055e+19 5.12805e+19 4.24024e+19 3.48842e+19 2.79703e+19 2.22283e+19 1.75824e+19 1.34545e+19 1.02929e+19 8.04245e+18 6.30844e+18 4.71622e+18 3.72355e+18 2.74205e+18 1.98089e+18 1.5096e+18 1.12477e+18 7.88661e+17 5.04209e+17 3.22214e+17 1.97858e+17 1.1527e+17 6.77379e+16 4.01734e+16 2.40567e+16 1.45497e+16 8.88917e+15 5.48589e+15 8.4717e+20
32 1 0 0 0 1.48896e+20 1.32461e+20 1.12445e+20 9.54643e+19 7.73307e+19 6.52309e+19 5.44721e+19 4.50289e+19 3.70461e+19 2.97032e+19 2.36015e+19 1.86703e+19 1.42837e+19 1.09259e+19 8.53521e+18 6.6948e+18 5.00491e+18 3.95149e+18 2.90878e+18 2.10062e+18 1.60101e+18 1.19288e+18 8.36309e+17 5.34706e+17 3.41651e+17 2.0966e+17 1.22223e+17 7.18718e+16 4.2655e+16 2.55611e+16 1.54709e+16 9.45886e+15 5.84164e+15 8.99765e+20
32 1 0 0 0 1.49364e+20 1.32867e+20 1.12795e+20 9.57664e+19 7.75695e+19 6.54405e+19 5.46435e+19 4.51582e+19 3.71532e+19 2.97881e+19 2.3665e+19 1.8722e+19 1.432e+19 1.09522e+19 8.55386e+18 6.70925e+18 5.01552e+18 3.95986e+18 2.91383e+18 2.10351e+18 1.60338e+18 1.19463e+18 8.37428e+17 5.35438e+17 3.42065e+17 2.09776e+17 1.22362e+17 7.19983e+16 4.27579e+16 2.56399e+16 1.55292e+16 9.50093e+15 5.87154e+15 9.02477e+20
32 1 0 0 0 1.48756e+20 1.32315e+20 1.12333e+20 9.53785e+19 7.72492e+19 6.51788e+19 5.44211e+19 4.49616e+19 3.69922e+19 2.96581e+19 2.35576e+19 1.86385e+19 1.42528e+19 1.08993e+19 8.51061e+18 6.67514e+18 4.98984e+18 3.93958e+18 2.89777e+18 2.09114e+18 1.59411e+18 1.18772e+18 8.32466e+17 5.32281e+17 3.39994e+17 2.08363e+17 1.21612e+17 7.1603e+16 4.25517e+16 2.5534e+16 1.54759e+16 9.47493e+15 5.8595e+15 8.98682e+20
32 1 0 0 0 1.48993e+20 1.32515e+20 1.12508e+20 9.55324e+19 7.7368e+19 6.52872e+19 5.4508e+19 4.50209e+19 3.70416e+19 2.96968e+19 2.35844e+19 1.86612e+19 1.42668e+19 1.09085e+19 8.51593e+18 6.67914e+18 4.99263e+18 3.94179e+18 2.89827e+18 2.09073e+18 1.59397e+18 1.18761e+18 8.32274e+17 5.32175e+17 3.39872e+17 2.08148e+17 1.2156e+17 7.16172e+16 4.25882e+16 2.55732e+16 1.55103e+16 9.50248e+15 5.88047e+15 8.99996e+20
32 1 0 0 0 1.49049e+20 1.32555e+20 1.12547e+20 9.55705e+19 7.7393e+19 6.53164e+19 5.45287e+19 4.50258e+19 3.70463e+19 2.96998e+19 2.35828e+19 1.86614e+19 1.42636e+19 1.09048e+19 8.51111e+18 6.67519e+18 4.98949e+18 3.93932e+18 2.89535e+18 2.08789e+18 1.59195e+18 1.1861e+18 8.31107e+17 5.31445e+17 3.39353e+17 2.07693e+17 1.21365e+17 7.15468e+16 4.25738e+16 2.55815e+16 1.55257e+16 9.51825e+15 5.89406e+15 9.00222e+20
32 1 0 0 0 1.48358e+20 1.31929e+20 1.12022e+20 9.51298e+19 7.70301e+19 6.50185e+19 5.42762e+19 4.48046e+19 3.6865e+19 2.95535e+19 2.34626e+19 1.85677e+19 1.41887e+19 1.0846e+19 8.4633e+18 6.63751e+18 4.96114e+18 3.91693e+18 2.87776e+18 2.07442e+18 1.58185e+18 1.17857e+18 8.25712e+17 5.28011e+17 3.37106e+17 2.06175e+17 1.20552e+17 7.11137e+16 4.23446e+16 2.54614e+16 1.54636e+16 9.48674e+15 5.87854e+15 8.95931e+20
32 1 0 0 0 1.48008e+20 1.31608e+20 1.11756e+20 9.49078e+19 7.68446e+19 6.487e+19 5.41486e+19 4.46869e+19 3.67689e+19 2.94755e+19 2.33967e+19 1.8517e+19 1.41467e+19 1.08124e+19 8.43524e+18 6.61533e+18 4.94437e+18 3.90368e+18 2.86692e+18 2.06584e+18 1.57547e+18 1.1738e+18 8.22265e+17 5.25821e+17 3.35655e+17 2.05149e+17 1.20024e+17 7.0847e+16 4.22135e+16 2.53996e+16 1.54365e+16 9.47652e+15 5.87605e+15 8.93706e+20
32 1 0 0 0 1.47879e+20 1.31485e+20 1.11656e+20 9.48271e+19 7.67747e+19 6.48177e+19 5.41019e+19 4.46384e+19 3.67295e+19 2.94433e+19 2.33679e+19 1.84955e+19 1.41275e+19 1.07966e+19 8.42139e+18 6.60431e+18 4.93599e+18 3.89705e+18 2.86115e+18 2.06106e+18 1.57196e+18 1.17118e+18 8.20336e+17 5.24601e+17 3.34833e+17 2.04534e+17 1.19724e+17 7.07068e+16 4.21529e+16 2.53773e+16 1.54315e+16 9.47866e+15 5.88053e+15 8.92837e+20
