16 1 0 0 0 1.51076e+20 1.34375e+20 1.13993e+20 9.67127e+19 7.85303e+19 6.60804e+19 5.52762e+19 4.59933e+19 3.78225e+19 3.03457e+19 2.42136e+19 1.91192e+19 1.4704e+19 1.12807e+19 8.85672e+18 6.94993e+18 5.2002e+18 4.10343e+18 3.04709e+18 2.21697e+18 1.68609e+18 1.25606e+18 8.83356e+17 5.64116e+17 3.61734e+17 2.25299e+17 1.29679e+17 7.52148e+16 4.39889e+16 2.59569e+16 1.54613e+16 9.30004e+15 5.65021e+15 9.15179e+20
16 1 0 0 0 1.50571e+20 1.33946e+20 1.13632e+20 9.64077e+19 7.82673e+19 6.58676e+19 5.50911e+19 4.58182e+19 3.76793e+19 3.02295e+19 2.41136e+19 1.90426e+19 1.46401e+19 1.12295e+19 8.81358e+18 6.91597e+18 5.17448e+18 4.08344e+18 3.03048e+18 2.20391e+18 1.67638e+18 1.24887e+18 8.7811e+17 5.60831e+17 3.5954e+17 2.23715e+17 1.28871e+17 7.48123e+16 4.37957e+16 2.58695e+16 1.5426e+16 9.28937e+15 5.65029e+15 9.12008e+20
16 1 0 0 0 1.5079e+20 1.3416e+20 1.13815e+20 9.65653e+19 7.83787e+19 6.59707e+19 5.517e+19 4.58619e+19 3.77162e+19 3.02576e+19 2.41283e+19 1.90567e+19 1.46456e+19 1.12314e+19 8.81204e+18 6.91464e+18 5.17315e+18 4.0827e+18 3.0281e+18 2.20114e+18 1.6745e+18 1.24751e+18 8.76957e+17 5.60156e+17 3.59016e+17 2.2316e+17 1.28658e+17 7.47569e+16 4.38066e+16 2.59035e+16 1.54636e+16 9.32284e+15 5.67741e+15 9.13204e+20
16 1 0 0 0 1.48281e+20 1.31942e+20 1.11935e+20 9.49718e+19 7.70691e+19 6.48773e+19 5.42487e+19 4.50758e+19 3.70706e+19 2.97381e+19 2.37066e+19 1.87259e+19 1.43862e+19 1.10303e+19 8.65139e+18 6.78845e+18 5.0784e+18 4.00823e+18 2.97115e+18 2.15874e+18 1.64246e+18 1.22366e+18 8.60008e+17 5.49373e+17 3.5202e+17 2.18591e+17 1.26121e+17 7.33439e+16 4.30178e+16 2.54618e+16 1.52156e+16 9.18313e+15 5.59846e+15 8.9786e+20
16 1 0 0 0 1.25083e+20 1.11317e+20 9.44378e+19 8.01267e+19 6.50083e+19 5.47314e+19 4.5759e+19 3.80044e+19 3.12557e+19 2.50721e+19 1.99808e+19 1.57847e+19 1.21224e+19 9.29274e+18 7.28612e+18 5.7171e+18 4.27664e+18 3.37571e+18 2.50084e+18 1.81621e+18 1.38203e+18 1.02966e+18 7.23506e+17 4.62221e+17 2.96103e+17 1.83682e+17 1.06061e+17 6.17309e+16 3.62399e+16 2.14712e+16 1.28442e+16 7.76029e+15 4.73625e+15 7.57277e+20
16 1 0 0 0 1.49506e+20 1.33066e+20 1.12893e+20 9.57882e+19 7.77028e+19 6.54292e+19 5.46982e+19 4.54098e+19 3.73479e+19 2.99586e+19 2.38687e+19 1.88589e+19 1.44787e+19 1.10972e+19 8.69816e+18 6.82493e+18 5.10515e+18 4.02986e+18 2.98376e+18 2.16603e+18 1.64844e+18 1.2282e+18 8.62846e+17 5.51331e+17 3.53107e+17 2.18854e+17 1.26484e+17 7.36902e+16 4.33061e+16 2.56861e+16 1.53832e+16 9.3052e+15 5.68582e+15 9.05073e+20
16 1 0 0 0 1.50026e+20 1.33546e+20 1.13302e+20 9.61366e+19 7.79725e+19 6.56644e+19 5.48888e+19 4.55508e+19 3.74648e+19 3.00511e+19 2.39364e+19 1.89143e+19 1.4517e+19 1.11247e+19 8.71719e+18 6.83971e+18 5.11595e+18 4.03855e+18 2.9887e+18 2.16873e+18 1.65068e+18 1.22989e+18 8.63879e+17 5.52032e+17 3.53485e+17 2.18904e+17 1.26604e+17 7.38169e+16 4.34167e+16 2.57744e+16 1.54503e+16 9.35456e+15 5.72141e+15 9.08133e+20
16 1 0 0 0 1.49761e+20 1.33327e+20 1.13118e+20 9.5982e+19 7.78336e+19 6.55562e+19 5.4792e+19 4.54522e+19 3.73847e+19 2.99857e+19 2.3878e+19 1.88703e+19 1.44786e+19 1.10933e+19 8.68992e+18 6.81817e+18 5.09956e+18 4.02579e+18 2.97767e+18 2.15978e+18 1.64408e+18 1.225e+18 8.60275e+17 5.49776e+17 3.51963e+17 2.17766e+17 1.26042e+17 7.35506e+16 4.32986e+16 2.57285e+16 1.54379e+16 9.35641e+15 5.72832e+15 9.06431e+20
16 1 0 0 0 1.49562e+20 1.3315e+20 1.12972e+20 9.58619e+19 7.77239e+19 6.54737e+19 5.47175e+19 4.53721e+19 3.73203e+19 2.99329e+19 2.38295e+19 1.88343e+19 1.44462e+19 1.10665e+19 8.6662e+18 6.79941e+18 5.08525e+18 4.01468e+18 2.96783e+18 2.15167e+18 1.63812e+18 1.22058e+18 8.57004e+17 5.47735e+17 3.50577e+17 2.16707e+17 1.25529e+17 7.33142e+16 4.31991e+16 2.56943e+16 1.54329e+16 9.36299e+15 5.73828e+15 9.05078e+20
16 1 0 0 0 1.49394e+20 1.32994e+20 1.12845e+20 9.57577e+19 7.76285e+19 6.54033e+19 5.46537e+19 4.53019e+19 3.7264e+19 2.98868e+19 2.37869e+19 1.88027e+19 1.44175e+19 1.10426e+19 8.64485e+18 6.7825e+18 5.07235e+18 4.00466e+18 2.95887e+18 2.14424e+18 1.63267e+18 1.21653e+18 8.54003e+17 5.45862e+17 3.49302e+17 2.15727e+17 1.25057e+17 7.30987e+16 4.31101e+16 2.56651e+16 1.54301e+16 9.37046e+15 5.74849e+15 9.03897e+20
16 1 0 0 0 1.49291e+20 1.32893e+20 1.12764e+20 9.56941e+19 7.75669e+19 6.53615e+19 5.46142e+19 4.52523e+19 3.72245e+19 2.98541e+19 2.37551e+19 1.87796e+19 1.43954e+19 1.10238e+19 8.62761e+18 6.76882e+18 5.06186e+18 3.99653e+18 2.95135e+18 2.13788e+18 1.62802e+18 1.21309e+18 8.51428e+17 5.44258e+17 3.48203e+17 2.1486e+17 1.24648e+17 7.29185e+16 4.30408e+16 2.5647e+16 1.54336e+16 9.38148e+15 5.76072e+15 9.0311e+20
16 1 0 0 0 1.49118e+20 1.32723e+20 1.12627e+20 9.55836e+19 7.74685e+19 6.52892e+19 5.45497e+19 4.51822e+19 3.71679e+19 2.98077e+19 2.37125e+19 1.8748e+19 1.43669e+19 1.10001e+19 8.60659e+18 6.75217e+18 5.04915e+18 3.98662e+18 2.94256e+18 2.13059e+18 1.62268e+18 1.20912e+18 8.48488e+17 5.42417e+17 3.46953e+17 2.13906e+17 1.24186e+17 7.27061e+16 4.29517e+16 2.56165e+16 1.54293e+16 9.38754e+15 5.76975e+15 9.01892e+20
16 1 0 0 0 1.48938e+20 1.32548e+20 1.12485e+20 9.54687e+19 7.73667e+19 6.52137e+19 5.44826e+19 4.51105e+19 3.711e+19 2.97603e+19 2.36694e+19 1.87159e+19 1.43381e+19 1.09762e+19 8.58552e+18 6.73548e+18 5.03642e+18 3.97668e+18 2.93379e+18 2.12336e+18 1.61736e+18 1.20517e+18 8.45569e+17 5.40587e+17 3.45713e+17 2.12964e+17 1.23728e+17 7.24942e+16 4.28617e+16 2.55848e+16 1.54238e+16 9.39258e+15 5.778e+15 9.00636e+20
16 1 0 0 0 1.48859e+20 1.32463e+20 1.12419e+20 9.5419e+19 7.73178e+19 6.51829e+19 5.44528e+19 4.50694e+19 3.70774e+19 2.97331e+19 2.36423e+19 1.86964e+19 1.4319e+19 1.09597e+19 8.57017e+18 6.72327e+18 5.02704e+18 3.96939e+18 2.92696e+18 2.1175e+18 1.6131e+18 1.202e+18 8.43197e+17 5.39107e+17 3.44696e+17 2.12156e+17 1.2335e+17 7.233e+16 4.28005e+16 2.55706e+16 1.5429e+16 9.4043e+15 5.79043e+15 8.99994e+20
16 1 0 0 0 1.42517e+20 1.26807e+20 1.07625e+20 9.13549e+19 7.4017e+19 6.24097e+19 5.21323e+19 4.31341e+19 3.54861e+19 2.84562e+19 2.2622e+19 1.78914e+19 1.36985e+19 1.04832e+19 8.19534e+18 6.42905e+18 4.80683e+18 3.7956e+18 2.79749e+18 2.023e+18 1.54129e+18 1.1485e+18 8.05533e+17 5.15057e+17 3.29255e+17 2.02489e+17 1.17812e+17 6.91349e+16 4.09424e+16 2.44807e+16 1.47839e+16 9.01878e+15 5.55775e+15 8.61505e+20
16 1 0 0 0 1.4826e+20 1.31902e+20 1.11957e+20 9.50378e+19 7.69926e+19 6.49294e+19 5.42327e+19 4.48554e+19 3.69033e+19 2.95915e+19 2.35191e+19 1.86029e+19 1.4239e+19 1.0895e+19 8.51472e+18 6.6794e+18 4.99377e+18 3.94328e+18 2.90486e+18 2.0997e+18 1.59993e+18 1.1922e+18 8.36033e+17 5.34591e+17 3.41671e+17 2.09942e+17 1.22242e+17 7.1793e+16 4.25531e+16 2.54666e+16 1.53933e+16 9.39915e+15 5.79741e+15 8.9606e+20
16 1 0 0 0 1.48737e+20 1.32313e+20 1.12312e+20 9.53442e+19 7.72339e+19 6.51419e+19 5.44066e+19 4.49856e+19 3.70113e+19 2.96772e+19 2.35827e+19 1.86549e+19 1.42752e+19 1.09211e+19 8.5331e+18 6.69366e+18 5.00422e+18 3.95159e+18 2.90976e+18 2.10246e+18 1.6022e+18 1.19389e+18 8.37094e+17 5.35295e+17 3.42063e+17 2.10031e+17 1.22371e+17 7.19176e+16 4.26573e+16 2.55477e+16 1.5454e+16 9.4433e+15 5.82897e+15 8.98805e+20
16 1 0 0 0 1.48841e+20 1.32393e+20 1.12386e+20 9.54124e+19 7.72817e+19 6.51919e+19 5.44445e+19 4.50021e+19 3.70258e+19 2.96879e+19 2.35864e+19 1.86595e+19 1.42749e+19 1.09192e+19 8.5294e+18 6.69058e+18 5.0017e+18 3.94965e+18 2.90701e+18 2.09962e+18 1.60022e+18 1.19242e+18 8.35927e+17 5.34576e+17 3.4154e+17 2.09545e+17 1.22173e+17 7.18534e+16 4.2652e+16 2.55648e+16 1.54768e+16 9.46491e+15 5.84697e+15 8.99291e+20
16 1 0 0 0 1.43367e+20 1.27511e+20 1.08248e+20 9.19043e+19 7.44329e+19 6.27975e+19 5.24409e+19 4.33321e+19 3.56526e+19 2.85858e+19 2.27061e+19 1.79647e+19 1.37398e+19 1.05082e+19 8.20626e+18 6.43694e+18 4.81186e+18 3.7998e+18 2.79549e+18 2.01825e+18 1.53838e+18 1.14634e+18 8.03493e+17 5.13855e+17 3.28241e+17 2.01229e+17 1.17401e+17 6.90953e+16 4.10449e+16 2.46202e+16 1.49165e+16 9.12929e+15 5.64395e+15 8.66073e+20
16 1 0 0 0 1.49273e+20 1.32751e+20 1.12703e+20 9.56922e+19 7.74943e+19 6.53898e+19 5.4602e+19 4.51039e+19 3.71113e+19 2.97546e+19 2.36301e+19 1.86975e+19 1.42965e+19 1.09324e+19 8.53545e+18 6.69497e+18 5.00455e+18 3.95199e+18 2.90619e+18 2.09735e+18 1.59886e+18 1.1914e+18 8.34954e+17 5.34004e+17 3.41052e+17 2.08929e+17 1.21976e+17 7.18398e+16 4.27074e+16 2.56373e+16 1.55448e+16 9.52129e+15 5.89079e+15 9.01624e+20
16 1 0 0 0 1.49261e+20 1.3273e+20 1.1269e+20 9.56867e+19 7.74834e+19 6.53895e+19 5.45979e+19 4.50872e+19 3.70984e+19 2.97433e+19 2.36168e+19 1.86886e+19 1.42862e+19 1.0923e+19 8.52608e+18 6.68744e+18 4.99872e+18 3.94739e+18 2.90162e+18 2.09325e+18 1.5959e+18 1.18919e+18 8.33286e+17 5.32955e+17 3.40325e+17 2.08335e+17 1.21707e+17 7.17289e+16 4.26712e+16 2.56339e+16 1.55541e+16 9.53381e+15 5.9027e+15 9.01429e+20
16 1 0 0 0 1.49083e+20 1.3256e+20 1.12552e+20 9.55742e+19 7.7386e+19 6.53161e+19 5.45329e+19 4.50202e+19 3.7044e+19 2.96987e+19 2.35772e+19 1.86588e+19 1.42599e+19 1.09013e+19 8.50711e+18 6.67238e+18 4.98726e+18 3.93835e+18 2.89377e+18 2.08677e+18 1.59114e+18 1.18564e+18 8.30673e+17 5.31303e+17 3.39213e+17 2.07504e+17 1.21299e+17 7.15374e+16 4.25874e+16 2.56021e+16 1.55462e+16 9.53594e+15 5.90823e+15 9.00227e+20
16 1 0 0 0 1.48953e+20 1.32432e+20 1.12449e+20 9.54927e+19 7.73135e+19 6.52642e+19 5.44855e+19 4.49674e+19 3.70014e+19 2.96636e+19 2.35449e+19 1.86348e+19 1.42379e+19 1.08829e+19 8.49068e+18 6.6593e+18 4.97727e+18 3.93046e+18 2.88674e+18 2.08086e+18 1.58681e+18 1.1824e+18 8.28284e+17 5.29793e+17 3.3819e+17 2.06724e+17 1.20923e+17 7.1366e+16 4.25164e+16 2.55785e+16 1.55435e+16 9.54143e+15 5.91594e+15 8.99311e+20
16 1 0 0 0 1.48789e+20 1.32276e+20 1.12323e+20 9.53898e+19 7.72246e+19 6.51971e+19 5.4426e+19 4.49064e+19 3.69519e+19 2.9623e+19 2.35089e+19 1.86077e+19 1.4214e+19 1.08633e+19 8.47355e+18 6.64568e+18 4.96692e+18 3.92228e+18 2.87967e+18 2.07503e+18 1.58252e+18 1.1792e+18 8.25929e+17 5.28301e+17 3.37186e+17 2.05976e+17 1.20556e+17 7.11921e+16 4.24396e+16 2.55488e+16 1.55356e+16 9.54265e+15 5.92041e+15 8.98214e+20
16 1 0 0 0 1.48671e+20 1.32153e+20 1.12227e+20 9.53156e+19 7.71542e+19 6.51506e+19 5.43807e+19 4.48491e+19 3.69056e+19 2.9584e+19 2.34714e+19 1.85802e+19 1.41876e+19 1.08406e+19 8.45288e+18 6.62917e+18 4.95423e+18 3.91225e+18 2.87054e+18 2.06717e+18 1.57679e+18 1.1749e+18 8.22736e+17 5.26263e+17 3.35799e+17 2.04898e+17 1.20035e+17 7.09534e+16 4.23399e+16 2.5515e+16 1.55311e+16 9.54973e+15 5.93076e+15 8.97288e+20
16 1 0 0 0 1.38578e+20 1.23176e+20 1.04607e+20 8.88457e+19 7.19141e+19 6.07298e+19 5.06889e+19 4.17981e+19 3.43954e+19 2.75713e+19 2.18726e+19 1.73153e+19 1.32201e+19 1.01006e+19 7.87492e+18 6.17582e+18 4.61533e+18 3.64463e+18 2.67362e+18 1.92498e+18 1.46841e+18 1.09414e+18 7.66127e+17 4.90061e+17 3.12673e+17 1.90716e+17 1.11763e+17 6.60866e+16 3.94497e+16 2.3782e+16 1.44815e+16 8.90753e+15 5.53386e+15 8.36314e+20
16 1 0 0 0 1.40069e+20 1.24493e+20 1.0573e+20 8.98051e+19 7.26861e+19 6.13897e+19 5.12367e+19 4.22385e+19 3.47586e+19 2.7862e+19 2.20996e+19 1.74965e+19 1.33555e+19 1.02028e+19 7.95284e+18 6.23676e+18 4.66073e+18 3.68046e+18 2.69885e+18 1.94247e+18 1.4819e+18 1.1042e+18 7.73066e+17 4.94528e+17 3.15473e+17 1.923e+17 1.12764e+17 6.67238e+16 3.98579e+16 2.40451e+16 1.4652e+16 9.01874e+15 5.60671e+15 8.45229e+20
16 1 0 0 0 1.48111e+20 1.3163e+20 1.11797e+20 9.49634e+19 7.68565e+19 6.49199e+19 5.41796e+19 4.46533e+19 3.67464e+19 2.94546e+19 2.33594e+19 1.84952e+19 1.41148e+19 1.07816e+19 8.40219e+18 6.58897e+18 4.92378e+18 3.88813e+18 2.85009e+18 2.05059e+18 1.56455e+18 1.16577e+18 8.16068e+17 5.2205e+17 3.32982e+17 2.02845e+17 1.19018e+17 7.0468e+16 4.21213e+16 2.54269e+16 1.55041e+16 9.54918e+15 5.94009e+15 8.93659e+20
16 1 0 0 0 1.47519e+20 1.31094e+20 1.11348e+20 9.45863e+19 7.65466e+19 6.46658e+19 5.39639e+19 4.44645e+19 3.65916e+19 2.93296e+19 2.32569e+19 1.84154e+19 1.40509e+19 1.07314e+19 8.36137e+18 6.55676e+18 4.89955e+18 3.86892e+18 2.83502e+18 2.03901e+18 1.55586e+18 1.15928e+18 8.11427e+17 5.19086e+17 3.31044e+17 2.01538e+17 1.18319e+17 7.00953e+16 4.1924e+16 2.53234e+16 1.54504e+16 9.52184e+15 5.92652e+15 8.89989e+20
16 1 0 0 0 1.47517e+20 1.31083e+20 1.11343e+20 9.45873e+19 7.65423e+19 6.46701e+19 5.39638e+19 4.44529e+19 3.65826e+19 2.93215e+19 2.32469e+19 1.84087e+19 1.40427e+19 1.07237e+19 8.35362e+18 6.55048e+18 4.89468e+18 3.86502e+18 2.83111e+18 2.03544e+18 1.5533e+18 1.15735e+18 8.09973e+17 5.18162e+17 3.30405e+17 2.01017e+17 1.18082e+17 6.99982e+16 4.18924e+16 2.53204e+16 1.54584e+16 9.53273e+15 5.93686e+15 8.89872e+20
16 1 0 0 0 1.46549e+20 1.30213e+20 1.1061e+20 9.39691e+19 7.60369e+19 6.42509e+19 5.36102e+19 4.41502e+19 3.63341e+19 2.91213e+19 2.30846e+19 1.82815e+19 1.39425e+19 1.06459e+19 8.29124e+18 6.50137e+18 4.8578e+18 3.83585e+18 2.80871e+18 2.01858e+18 1.54059e+18 1.14786e+18 8.03231e+17 5.13855e+17 3.2761e+17 1.99185e+17 1.17075e+17 6.94434e+16 4.15865e+16 2.51515e+16 1.5365e+16 9.48095e+15 5.90814e+15 8.83929e+20
16 1 0 0 0 1.46025e+20 1.29743e+20 1.10214e+20 9.36348e+19 7.57634e+19 6.4024e+19 5.34188e+19 4.39861e+19 3.61994e+19 2.90128e+19 2.29966e+19 1.82125e+19 1.38881e+19 1.06036e+19 8.25731e+18 6.47465e+18 4.83774e+18 3.81998e+18 2.79652e+18 2.0094e+18 1.53367e+18 1.1427e+18 7.99558e+17 5.11507e+17 3.26085e+17 1.98184e+17 1.16524e+17 6.914e+16 4.14191e+16 2.5059e+16 1.53138e+16 9.4526e+15 5.89241e+15 8.80712e+20
16 1 0 0 0 0 0 0 0 0 0 0 0 0 0 0 0 0 0 0 0 0 0 0 0 0 0 0 0 0 0 0 0 0 0 0 0 0 0
16 1 0 0 0 0 0 0 0 0 0 0 0 0 0 0 0 0 0 0 0 0 0 0 0 0 0 0 0 0 0 0 0 0 0 0 0 0 0
16 1 0 0 0 0 0 0 0 0 0 0 0 0 0 0 0 0 0 0 0 0 0 0 0 0 0 0 0 0 0 0 0 0 0 0 0 0 0
16 1 0 0 0 0 0 0 0 0 0 0 0 0 0 0 0 0 0 0 0 0 0 0 0 0 0 0 0 0 0 0 0 0 0 0 0 0 0
16 1 0 0 0 0 0 0 0 0 0 0 0 0 0 0 0 0 0 0 0 0 0 0 0 0 0 0 0 0 0 0 0 0 0 0 0 0 0
16 1 0 0 0 0 0 0 0 0 0 0 0 0 0 0 0 0 0 0 0 0 0 0 0 0 0 0 0 0 0 0 0 0 0 0 0 0 0
16 1 0 0 0 0 0 0 0 0 0 0 0 0 0 0 0 0 0 0 0 0 0 0 0 0 0 0 0 0 0 0 0 0 0 0 0 0 0
16 1 0 0 0 0 0 0 0 0 0 0 0 0 0 0 0 0 0 0 0 0 0 0 0 0 0 0 0 0 0 0 0 0 0 0 0 0 0
16 1 0 0 0 0 0 0 0 0 0 0 0 0 0 0 0 0 0 0 0 0 0 0 0 0 0 0 0 0 0 0 0 0 0 0 0 0 0
16 1 0 0 0 0 0 0 0 0 0 0 0 0 0 0 0 0 0 0 0 0 0 0 0 0 0 0 0 0 0 0 0 0 0 0 0 0 0
16 1 0 0 0 1.52252e+20 1.35316e+20 1.14815e+20 9.74307e+19 7.90907e+19 6.65946e+19 5.56993e+19 4.62978e+19 3.80779e+19 3.05469e+19 2.43582e+19 1.92392e+19 1.47831e+19 1.13355e+19 8.89229e+18 6.97713e+18 5.2198e+18 4.11887e+18 3.05418e+18 2.21913e+18 1.68836e+18 1.25772e+18 8.84085e+17 5.64634e+17 3.6186e+17 2.24839e+17 1.29687e+17 7.53908e+16 4.42e+16 2.61493e+16 1.56183e+16 9.42075e+15 5.7398e+15 9.21606e+20
16 1 0 0 0 1.5192e+20 1.35034e+20 1.14577e+20 9.72293e+19 7.89193e+19 6.64546e+19 5.55783e+19 4.61864e+19 3.79865e+19 3.04729e+19 2.42955e+19 1.91909e+19 1.47433e+19 1.1304e+19 8.86602e+18 6.95644e+18 5.20416e+18 4.10666e+18 3.04422e+18 2.21137e+18 1.68257e+18 1.25342e+18 8.8097e+17 5.62673e+17 3.60559e+17 2.23919e+17 1.2921e+17 7.51482e+16 4.40796e+16 2.60918e+16 1.55925e+16 9.41061e+15 5.73695e+15 9.1955e+20
16 1 0 0 0 1.469e+20 1.30595e+20 1.10812e+20 9.40359e+19 7.63131e+19 6.42674e+19 5.3742e+19 4.46413e+19 3.67163e+19 2.94526e+19 2.34755e+19 1.85453e+19 1.42427e+19 1.09181e+19 8.56075e+18 6.71679e+18 5.0246e+18 3.96519e+18 2.93776e+18 2.13312e+18 1.62323e+18 1.20924e+18 8.4975e+17 5.4278e+17 3.47734e+17 2.15757e+17 1.24594e+17 7.25225e+16 4.25771e+16 2.52262e+16 1.50901e+16 9.11671e+15 5.56356e+15 8.89079e+20
16 1 0 0 0 1.20047e+20 1.06741e+20 9.05701e+19 7.68569e+19 6.2361e+19 5.25196e+19 4.39126e+19 3.64658e+19 2.99916e+19 2.40567e+19 1.91707e+19 1.51452e+19 1.16288e+19 8.91304e+18 6.98724e+18 5.48215e+18 4.10076e+18 3.23634e+18 2.39698e+18 1.7399e+18 1.32411e+18 9.864e+17 6.93059e+17 4.42681e+17 2.83562e+17 1.7582e+17 1.01564e+17 5.91392e+16 3.47339e+16 2.05883e+16 1.23216e+16 7.44784e+15 4.54751e+15 7.26469e+20
16 1 0 0 0 1.24714e+20 1.10912e+20 9.41105e+19 7.98622e+19 6.47858e+19 5.45693e+19 4.56204e+19 3.78662e+19 3.11444e+19 2.49804e+19 1.99005e+19 1.57239e+19 1.20687e+19 9.24847e+18 7.24765e+18 5.68637e+18 4.25326e+18 3.35693e+18 2.48477e+18 1.80278e+18 1.37216e+18 1.02223e+18 7.18072e+17 4.58718e+17 2.9376e+17 1.81956e+17 1.05202e+17 6.13171e+16 3.60506e+16 2.13924e+16 1.28177e+16 7.75691e+15 4.74192e+15 7.54635e+20
16 1 0 0 0 1.5079e+20 1.34119e+20 1.13805e+20 9.65785e+19 7.83378e+19 6.59933e+19 5.51669e+19 4.57746e+19 3.76507e+19 3.01989e+19 2.40529e+19 1.90072e+19 1.45851e+19 1.11754e+19 8.75528e+18 6.86907e+18 5.13778e+18 4.05509e+18 3.00009e+18 2.1759e+18 1.65634e+18 1.23398e+18 8.66688e+17 5.53741e+17 3.54547e+17 2.19457e+17 1.26989e+17 7.40816e+16 4.35965e+16 2.58956e+16 1.55316e+16 9.40892e+15 5.75768e+15 9.12415e+20
16 1 0 0 0 1.50731e+20 1.34087e+20 1.13779e+20 9.6557e+19 7.83081e+19 6.59756e+19 5.51459e+19 4.5741e+19 3.76238e+19 3.01761e+19 2.40292e+19 1.89904e+19 1.45681e+19 1.11606e+19 8.74133e+18 6.85798e+18 5.12924e+18 4.04848e+18 2.9938e+18 2.17048e+18 1.6524e+18 1.23105e+18 8.6449e+17 5.52373e+17 3.53603e+17 2.18699e+17 1.26637e+17 7.39302e+16 4.35415e+16 2.58843e+16 1.55381e+16 9.42111e+15 5.77022e+15 9.11988e+20
16 1 0 0 0 1.50483e+20 1.33886e+20 1.1361e+20 9.64141e+19 7.81798e+19 6.58751e+19 5.50558e+19 4.56498e+19 3.75495e+19 3.01154e+19 2.39752e+19 1.89495e+19 1.45326e+19 1.11316e+19 8.71621e+18 6.83812e+18 5.11414e+18 4.0367e+18 2.98366e+18 2.16225e+18 1.64633e+18 1.22654e+18 8.61174e+17 5.50292e+17 3.52202e+17 2.17656e+17 1.26121e+17 7.36844e+16 4.34317e+16 2.58409e+16 1.55257e+16 9.42203e+15 5.77598e+15 9.10412e+20
16 1 0 0 0 1.50188e+20 1.33642e+20 1.13404e+20 9.62411e+19 7.80266e+19 6.57541e+19 5.49484e+19 4.55435e+19 3.7463e+19 3.00448e+19 2.39131e+19 1.89023e+19 1.44921e+19 1.10986e+19 8.68794e+18 6.81579e+18 5.09718e+18 4.02345e+18 2.97237e+18 2.15316e+18 1.6396e+18 1.22155e+18 8.57514e+17 5.47994e+17 3.50658e+17 2.16516e+17 1.25553e+17 7.34108e+16 4.3307e+16 2.57896e+16 1.5509e+16 9.42072e+15 5.78058e+15 9.08545e+20
16 1 0 0 0 1.36848e+20 1.21776e+20 1.03337e+20 8.76987e+19 7.10903e+19 5.99154e+19 5.0064e+19 4.14812e+19 3.41222e+19 2.73641e+19 2.17746e+19 1.72133e+19 1.31935e+19 1.01025e+19 7.90618e+18 6.20236e+18 4.63817e+18 3.66128e+18 2.70363e+18 1.95771e+18 1.49094e+18 1.11079e+18 7.79631e+17 4.98236e+17 3.18759e+17 1.96662e+17 1.14106e+17 6.67602e+16 3.94103e+16 2.34859e+16 1.41342e+16 8.59215e+15 5.27622e+15 8.27717e+20
16 1 0 0 0 1.45673e+20 1.29624e+20 1.10001e+20 9.33589e+19 7.56692e+19 6.37838e+19 5.32921e+19 4.41401e+19 3.63109e+19 2.91188e+19 2.31655e+19 1.83151e+19 1.40339e+19 1.07443e+19 8.40598e+18 6.59432e+18 4.93107e+18 3.89264e+18 2.87301e+18 2.07953e+18 1.58389e+18 1.18008e+18 8.28113e+17 5.29277e+17 3.38548e+17 2.08698e+17 1.21184e+17 7.0961e+16 4.19275e+16 2.50093e+16 1.50654e+16 9.1671e+15 5.63472e+15 8.80964e+20
16 1 0 0 0 1.49952e+20 1.33428e+20 1.13233e+20 9.61045e+19 7.78893e+19 6.56613e+19 5.48579e+19 4.54273e+19 3.73707e+19 2.99682e+19 2.3838e+19 1.8848e+19 1.44397e+19 1.10539e+19 8.64674e+18 6.78306e+18 5.07208e+18 4.00397e+18 2.9543e+18 2.1378e+18 1.62841e+18 1.21324e+18 8.51298e+17 5.44118e+17 3.47999e+17 2.14418e+17 1.24564e+17 7.29759e+16 4.31406e+16 2.57468e+16 1.55183e+16 9.448e+15 5.81062e+15 9.06766e+20
16 1 0 0 0 1.49006e+20 1.32568e+20 1.12512e+20 9.55004e+19 7.73884e+19 6.52525e+19 5.45108e+19 4.51184e+19 3.71179e+19 2.97641e+19 2.36685e+19 1.87166e+19 1.43335e+19 1.09702e+19 8.57805e+18 6.72896e+18 5.03129e+18 3.97191e+18 2.92875e+18 2.11812e+18 1.61367e+18 1.20227e+18 8.43409e+17 5.39122e+17 3.44712e+17 2.12156e+17 1.23368e+17 7.23505e+16 4.28177e+16 2.55833e+16 1.54379e+16 9.41012e+15 5.79413e+15 9.00835e+20
16 1 0 0 0 1.49102e+20 1.32643e+20 1.12581e+20 9.5563e+19 7.7433e+19 6.52979e+19 5.45454e+19 4.51351e+19 3.71323e+19 2.97749e+19 2.36732e+19 1.87217e+19 1.43342e+19 1.09694e+19 8.57564e+18 6.72692e+18 5.02959e+18 3.97061e+18 2.92672e+18 2.11596e+18 1.61218e+18 1.20116e+18 8.42519e+17 5.38574e+17 3.44311e+17 2.11776e+17 1.23215e+17 7.23027e+16 4.28158e+16 2.55985e+16 1.54572e+16 9.42811e+15 5.80901e+15 9.01296e+20
16 1 0 0 0 1.48962e+20 1.32506e+20 1.12471e+20 9.54753e+19 7.73547e+19 6.52411e+19 5.4494e+19 4.50782e+19 3.70864e+19 2.97371e+19 2.36384e+19 1.86959e+19 1.43108e+19 1.09498e+19 8.55815e+18 6.71304e+18 5.01899e+18 3.9623e+18 2.91931e+18 2.10977e+18 1.60764e+18 1.19779e+18 8.4002e+17 5.37002e+17 3.43244e+17 2.10961e+17 1.22821e+17 7.21226e+16 4.27408e+16 2.55734e+16 1.54541e+16 9.43369e+15 5.81699e+15 9.00314e+20
16 1 0 0 0 1.48842e+20 1.32388e+20 1.12376e+20 9.53996e+19 7.72865e+19 6.51923e+19 5.44496e+19 4.50279e+19 3.70458e+19 2.97037e+19 2.36074e+19 1.8673e+19 1.42897e+19 1.09321e+19 8.54228e+18 6.70043e+18 5.00935e+18 3.95475e+18 2.91254e+18 2.10409e+18 1.60349e+18 1.19469e+18 8.37725e+17 5.35559e+17 3.42264e+17 2.10207e+17 1.2246e+17 7.19585e+16 4.26736e+16 2.55518e+16 1.54526e+16 9.4398e+15 5.82506e+15 8.99454e+20
16 1 0 0 0 1.43183e+20 1.27344e+20 1.081e+20 9.17737e+19 7.4342e+19 6.27164e+19 5.23779e+19 4.33017e+19 3.56263e+19 2.85645e+19 2.26977e+19 1.79549e+19 1.37367e+19 1.05076e+19 8.20864e+18 6.43857e+18 4.81337e+18 3.80009e+18 2.79751e+18 2.02023e+18 1.53974e+18 1.14719e+18 8.043e+17 5.14207e+17 3.28562e+17 2.01647e+17 1.17542e+17 6.91125e+16 4.10131e+16 2.45745e+16 1.4872e+16 9.09157e+15 5.61411e+15 8.65121e+20
16 1 0 0 0 1.1736e+20 1.04373e+20 8.86018e+19 7.52221e+19 6.09262e+19 5.14029e+19 4.2925e+19 3.54767e+19 2.91881e+19 2.34009e+19 1.85909e+19 1.47069e+19 1.1249e+19 8.60337e+18 6.71967e+18 5.27059e+18 3.93996e+18 3.11069e+18 2.28919e+18 1.65255e+18 1.25962e+18 9.38468e+17 6.57866e+17 4.2057e+17 2.68688e+17 1.64776e+17 9.60865e+16 5.65207e+16 3.35559e+16 2.01158e+16 1.21797e+16 7.44959e+15 4.60259e+15 7.0895e+20
16 1 0 0 0 1.43994e+20 1.28045e+20 1.08706e+20 9.22975e+19 7.47532e+19 6.30791e+19 5.26737e+19 4.35207e+19 3.5808e+19 2.87085e+19 2.28036e+19 1.80418e+19 1.37966e+19 1.05505e+19 8.23834e+18 6.46158e+18 4.83019e+18 3.81351e+18 2.80511e+18 2.02428e+18 1.54314e+18 1.14973e+18 8.05848e+17 5.15248e+17 3.29117e+17 2.01703e+17 1.17718e+17 6.93062e+16 4.11841e+16 2.47117e+16 1.49765e+16 9.1686e+15 5.66969e+15 8.69778e+20
16 1 0 0 0 1.48129e+20 1.31713e+20 1.11826e+20 9.49509e+19 7.68979e+19 6.48963e+19 5.41879e+19 4.47612e+19 3.68293e+19 2.95267e+19 2.34503e+19 1.85547e+19 1.4186e+19 1.0847e+19 8.46828e+18 6.64176e+18 4.96473e+18 3.91968e+18 2.88225e+18 2.07927e+18 1.5852e+18 1.18106e+18 8.27714e+17 5.29243e+17 3.38012e+17 2.07038e+17 1.20898e+17 7.12185e+16 4.23456e+16 2.5424e+16 1.54176e+16 9.44436e+15 5.84367e+15 8.94671e+20
16 1 0 0 0 1.48348e+20 1.31899e+20 1.11988e+20 9.50938e+19 7.70079e+19 6.49974e+19 5.42686e+19 4.48154e+19 3.68746e+19 2.95621e+19 2.34745e+19 1.85753e+19 1.41984e+19 1.08551e+19 8.47269e+18 6.64503e+18 4.967e+18 3.92145e+18 2.88244e+18 2.07864e+18 1.58488e+18 1.18081e+18 8.2743e+17 5.29076e+17 3.37853e+17 2.06802e+17 1.20832e+17 7.1225e+16 4.23774e+16 2.54604e+16 1.54502e+16 9.4708e+15 5.86392e+15 8.95883e+20
16 1 0 0 0 1.48186e+20 1.31743e+20 1.11863e+20 9.49919e+19 7.69195e+19 6.49312e+19 5.42097e+19 4.47542e+19 3.68249e+19 2.95214e+19 2.34381e+19 1.8548e+19 1.41742e+19 1.08352e+19 8.4552e+18 6.63114e+18 4.95642e+18 3.9131e+18 2.87516e+18 2.07262e+18 1.58046e+18 1.17751e+18 8.25003e+17 5.27541e+17 3.36818e+17 2.06027e+17 1.20453e+17 7.10478e+16 4.23005e+16 2.54317e+16 1.54436e+16 9.47325e+15 5.86941e+15 8.94787e+20
16 1 0 0 0 1.48175e+20 1.31724e+20 1.11851e+20 9.49874e+19 7.69099e+19 6.49316e+19 5.42062e+19 4.47387e+19 3.68129e+19 2.95108e+19 2.34257e+19 1.85396e+19 1.41645e+19 1.08262e+19 8.44629e+18 6.62397e+18 4.95087e+18 3.90871e+18 2.8708e+18 2.0687e+18 1.57763e+18 1.1754e+18 8.23405e+17 5.26536e+17 3.36121e+17 2.05459e+17 1.20195e+17 7.09419e+16 4.2266e+16 2.54286e+16 1.54525e+16 9.4853e+15 5.88085e+15 8.94607e+20
16 1 0 0 0 1.47921e+20 1.31487e+20 1.11656e+20 9.48263e+19 7.67738e+19 6.48247e+19 5.41134e+19 4.465e+19 3.67407e+19 2.9452e+19 2.33752e+19 1.85011e+19 1.41318e+19 1.07998e+19 8.42388e+18 6.60621e+18 4.93742e+18 3.89807e+18 2.8619e+18 2.06154e+18 1.57233e+18 1.17144e+18 8.20523e+17 5.24707e+17 3.34902e+17 2.04578e+17 1.19751e+17 7.07237e+16 4.21634e+16 2.53837e+16 1.54354e+16 9.48107e+15 5.882e+15 8.92959e+20
16 1 0 0 0 1.47784e+20 1.31355e+20 1.1155e+20 9.47407e+19 7.6699e+19 6.47697e+19 5.40638e+19 4.4597e+19 3.66976e+19 2.94167e+19 2.33433e+19 1.84772e+19 1.41104e+19 1.0782e+19 8.40813e+18 6.59367e+18 4.92786e+18 3.89051e+18 2.85526e+18 2.05598e+18 1.56826e+18 1.16839e+18 8.18281e+17 5.23285e+17 3.33944e+17 2.03855e+17 1.194e+17 7.0561e+16 4.20939e+16 2.53588e+16 1.54306e+16 9.48439e+15 5.88786e+15 8.92021e+20
16 1 0 0 0 1.47853e+20 1.31407e+20 1.11599e+20 9.47877e+19 7.67319e+19 6.48053e+19 5.40898e+19 4.46069e+19 3.67064e+19 2.94228e+19 2.33446e+19 1.84796e+19 1.4109e+19 1.07797e+19 8.40451e+18 6.59064e+18 4.92543e+18 3.88854e+18 2.85277e+18 2.05346e+18 1.56649e+18 1.16706e+18 8.17242e+17 5.22631e+17 3.33476e+17 2.03439e+17 1.19225e+17 7.05006e+16 4.20843e+16 2.53692e+16 1.54469e+16 9.50036e+15 5.90138e+15 8.92337e+20
16 1 0 0 0 1.47683e+20 1.31245e+20 1.11468e+20 9.46809e+19 7.664e+19 6.47358e+19 5.40282e+19 4.45441e+19 3.66554e+19 2.9381e+19 2.33076e+19 1.84517e+19 1.40845e+19 1.07595e+19 8.38695e+18 6.57668e+18 4.91481e+18 3.88013e+18 2.84551e+18 2.04746e+18 1.56207e+18 1.16376e+18 8.14822e+17 5.21094e+17 3.32444e+17 2.02673e+17 1.18848e+17 7.03222e+16 4.20053e+16 2.53384e+16 1.54384e+16 9.50139e+15 5.90577e+15 8.91201e+20
16 1 0 0 0 1.47503e+20 1.31075e+20 1.11329e+20 9.45679e+19 7.65432e+19 6.46621e+19 5.39629e+19 4.44784e+19 3.6602e+19 2.93373e+19 2.32692e+19 1.84227e+19 1.40592e+19 1.07387e+19 8.36894e+18 6.56237e+18 4.90393e+18 3.8715e+18 2.83811e+18 2.04137e+18 1.55759e+18 1.16041e+18 8.12367e+17 5.19534e+17 3.31398e+17 2.019e+17 1.18466e+17 7.01403e+16 4.19237e+16 2.53059e+16 1.54287e+16 9.50156e+15 5.90958e+15 8.90008e+20
16 1 0 0 0 5.91517e+19 5.25617e+19 4.46446e+19 3.79244e+19 3.06947e+19 2.59322e+19 2.16404e+19 1.78339e+19 1.46759e+19 1.17628e+19 9.32891e+18 7.38622e+18 5.63596e+18 4.30451e+18 3.35415e+18 2.63005e+18 1.96534e+18 1.55157e+18 1.13715e+18 8.17727e+17 6.23976e+17 4.64858e+17 3.25407e+17 2.08111e+17 1.32735e+17 8.08333e+16 4.74472e+16 2.81031e+16 1.68044e+16 1.01475e+16 6.18937e+15 3.81317e+15 2.37255e+15 3.56885e+20
16 1 0 0 0 0 0 0 0 0 0 0 0 0 0 0 0 0 0 0 0 0 0 0 0 0 0 0 0 0 0 0 0 0 0 0 0 0 0
16 1 0 0 0 0 0 0 0 0 0 0 0 0 0 0 0 0 0 0 0 0 0 0 0 0 0 0 0 0 0 0 0 0 0 0 0 0 0
16 1 0 0 0 0 0 0 0 0 0 0 0 0 0 0 0 0 0 0 0 0 0 0 0 0 0 0 0 0 0 0 0 0 0 0 0 0 0
16 1 0 0 0 7.97551e+18 7.08677e+18 6.01098e+18 5.09903e+18 4.14661e+18 3.48608e+18 2.91864e+18 2.43675e+18 2.00352e+18 1.6079e+18 1.28594e+18 1.0144e+18 7.82093e+17 6.00822e+17 4.72856e+17 3.71072e+17 2.77774e+17 2.19027e+17 1.6333e+17 1.19185e+17 9.05641e+16 6.74437e+16 4.75056e+16 3.0307e+16 1.94684e+16 1.22107e+16 6.98879e+15 4.02818e+15 2.33967e+15 1.3703e+15 8.0972e+14 4.82961e+14 2.90865e+14 4.83621e+19
16 1 0 0 0 1.18785e+20 1.05567e+20 8.95413e+19 7.59559e+19 6.17637e+19 5.19261e+19 4.34705e+19 3.62871e+19 2.98355e+19 2.39434e+19 1.91472e+19 1.51045e+19 1.1644e+19 8.94457e+18 7.03873e+18 5.52356e+18 4.13468e+18 3.26026e+18 2.43073e+18 1.77345e+18 1.34763e+18 1.00359e+18 7.06855e+17 4.50954e+17 2.89659e+17 1.81617e+17 1.03975e+17 5.99453e+16 3.48284e+16 2.04051e+16 1.20618e+16 7.19701e+15 4.33611e+15 7.203e+20
16 1 0 0 0 1.43968e+20 1.27968e+20 1.08543e+20 9.20764e+19 7.48594e+19 6.29426e+19 5.26867e+19 4.3963e+19 3.61471e+19 2.90074e+19 2.31908e+19 1.82963e+19 1.41004e+19 1.08297e+19 8.51982e+18 6.68572e+18 5.00436e+18 3.94623e+18 2.94075e+18 2.14473e+18 1.62995e+18 1.21386e+18 8.54805e+17 5.45386e+17 3.50246e+17 2.19429e+17 1.25704e+17 7.25262e+16 4.21718e+16 2.47289e+16 1.46313e+16 8.73879e+15 5.27042e+15 8.72928e+20
16 1 0 0 0 1.5339e+20 1.36366e+20 1.15669e+20 9.81226e+19 7.97587e+19 6.70707e+19 5.61346e+19 4.68179e+19 3.84952e+19 3.08903e+19 2.46885e+19 1.94805e+19 1.50077e+19 1.15244e+19 9.06325e+18 7.11206e+18 5.32317e+18 4.19797e+18 3.12651e+18 2.27922e+18 1.73238e+18 1.29018e+18 9.0836e+17 5.79625e+17 3.72144e+17 2.32924e+17 1.33542e+17 7.71159e+16 4.48841e+16 2.63472e+16 1.56064e+16 9.3323e+15 5.63536e+15 9.29945e+20
16 1 0 0 0 1.53251e+20 1.36265e+20 1.15585e+20 9.80546e+19 7.96851e+19 6.70187e+19 5.60831e+19 4.67501e+19 3.84403e+19 3.08449e+19 2.46435e+19 1.9448e+19 1.49767e+19 1.14981e+19 9.03916e+18 7.09306e+18 5.30858e+18 4.18686e+18 3.11619e+18 2.27059e+18 1.72608e+18 1.28554e+18 9.04873e+17 5.7748e+17 3.70666e+17 2.31747e+17 1.32985e+17 7.68709e+16 4.47903e+16 2.63231e+16 1.56119e+16 9.34799e+15 5.65263e+15 9.28966e+20
16 1 0 0 0 1.53231e+20 1.36269e+20 1.15592e+20 9.80621e+19 7.96748e+19 6.70189e+19 5.60757e+19 4.67215e+19 3.84176e+19 3.08254e+19 2.46201e+19 1.94321e+19 1.49592e+19 1.14823e+19 9.02369e+18 7.08082e+18 5.29908e+18 4.17972e+18 3.10902e+18 2.26435e+18 1.72156e+18 1.28222e+18 9.02342e+17 5.75935e+17 3.69582e+17 2.30842e+17 1.32574e+17 7.67023e+16 4.47362e+16 2.63195e+16 1.56275e+16 9.36854e+15 5.67208e+15 9.28732e+20
16 1 0 0 0 1.52934e+20 1.36027e+20 1.15389e+20 9.78922e+19 7.95205e+19 6.68977e+19 5.5967e+19 4.66089e+19 3.83258e+19 3.07504e+19 2.45526e+19 1.93814e+19 1.49149e+19 1.14461e+19 8.9922e+18 7.056e+18 5.28019e+18 4.16514e+18 3.09636e+18 2.25413e+18 1.71401e+18 1.27665e+18 8.98224e+17 5.73373e+17 3.6785e+17 2.29536e+17 1.3193e+17 7.63978e+16 4.4602e+16 2.6268e+16 1.56144e+16 9.37164e+15 5.6808e+15 9.26822e+20
16 1 0 0 0 1.52373e+20 1.35551e+20 1.14987e+20 9.75532e+19 7.92292e+19 6.66613e+19 5.57618e+19 4.64163e+19 3.81683e+19 3.06227e+19 2.4443e+19 1.92974e+19 1.48451e+19 1.13904e+19 8.9454e+18 7.01917e+18 5.25232e+18 4.14347e+18 3.07845e+18 2.24011e+18 1.70357e+18 1.26891e+18 8.9259e+17 5.69844e+17 3.65497e+17 2.27846e+17 1.31064e+17 7.59639e+16 4.43916e+16 2.61715e+16 1.55742e+16 9.35833e+15 5.6795e+15 9.23316e+20
16 1 0 0 0 1.52481e+20 1.35671e+20 1.15091e+20 9.76428e+19 7.92857e+19 6.67176e+19 5.58014e+19 4.64274e+19 3.81781e+19 3.06293e+19 2.44407e+19 1.92981e+19 1.48404e+19 1.13846e+19 8.93779e+18 7.01309e+18 5.24744e+18 4.13995e+18 3.07401e+18 2.23587e+18 1.70057e+18 1.26672e+18 8.90857e+17 5.68804e+17 3.6474e+17 2.2715e+17 1.30771e+17 7.58621e+16 4.43757e+16 2.61896e+16 1.56023e+16 9.38618e+15 5.7032e+15 9.23864e+20
16 1 0 0 0 1.52251e+20 1.35486e+20 1.14936e+20 9.75128e+19 7.91653e+19 6.66246e+19 5.57169e+19 4.63372e+19 3.81048e+19 3.05693e+19 2.43858e+19 1.92571e+19 1.4804e+19 1.13546e+19 8.91147e+18 6.99231e+18 5.23161e+18 4.12771e+18 3.06325e+18 2.22709e+18 1.69411e+18 1.26194e+18 8.87318e+17 5.66602e+17 3.63246e+17 2.26013e+17 1.30215e+17 7.56033e+16 4.42646e+16 2.61495e+16 1.55945e+16 9.39146e+15 5.71265e+15 9.22364e+20
16 1 0 0 0 1.51864e+20 1.35157e+20 1.14659e+20 9.72794e+19 7.89621e+19 6.64617e+19 5.55747e+19 4.62009e+19 3.79937e+19 3.0479e+19 2.43074e+19 1.91973e+19 1.47536e+19 1.1314e+19 8.87702e+18 6.96516e+18 5.21102e+18 4.11171e+18 3.04982e+18 2.21645e+18 1.68621e+18 1.25609e+18 8.8304e+17 5.63923e+17 3.61452e+17 2.24705e+17 1.29554e+17 7.52783e+16 4.41115e+16 2.60826e+16 1.55694e+16 9.38559e+15 5.71483e+15 9.19916e+20
16 1 0 0 0 1.37493e+20 1.22384e+20 1.03824e+20 8.80887e+19 7.14876e+19 6.0179e+19 5.03148e+19 4.18094e+19 3.43833e+19 2.75815e+19 2.199e+19 1.73693e+19 1.3344e+19 1.02311e+19 8.02467e+18 6.29628e+18 4.71031e+18 3.71687e+18 2.75535e+18 2.00153e+18 1.52291e+18 1.13447e+18 7.97372e+17 5.09269e+17 3.26342e+17 2.02679e+17 1.16951e+17 6.80162e+16 3.98948e+16 2.36138e+16 1.4111e+16 8.51606e+15 5.19134e+15 8.32755e+20
16 1 0 0 0 1.42917e+20 1.27233e+20 1.07938e+20 9.15796e+19 7.43084e+19 6.256e+19 5.22999e+19 4.34434e+19 3.57278e+19 2.8659e+19 2.28436e+19 1.80453e+19 1.38595e+19 1.06248e+19 8.3312e+18 6.53667e+18 4.88992e+18 3.85879e+18 2.85923e+18 2.07622e+18 1.57991e+18 1.17695e+18 8.27097e+17 5.28297e+17 3.38471e+17 2.10048e+17 1.21282e+17 7.05857e+16 4.14338e+16 2.45448e+16 1.468e+16 8.86732e+15 5.41035e+15 8.65538e+20
16 1 0 0 0 1.51406e+20 1.34808e+20 1.14367e+20 9.70346e+19 7.87214e+19 6.6283e+19 5.54063e+19 4.60063e+19 3.78365e+19 3.03493e+19 2.41849e+19 1.91068e+19 1.46705e+19 1.12446e+19 8.81473e+18 6.91592e+18 5.17337e+18 4.08266e+18 3.02362e+18 2.19472e+18 1.67027e+18 1.24429e+18 8.74262e+17 5.58468e+17 3.57728e+17 2.21815e+17 1.28166e+17 7.46493e+16 4.38553e+16 2.6002e+16 1.55658e+16 9.41123e+15 5.7477e+15 9.1686e+20
16 1 0 0 0 1.50908e+20 1.34382e+20 1.14007e+20 9.67307e+19 7.84616e+19 6.60723e+19 5.52241e+19 4.58375e+19 3.76986e+19 3.02375e+19 2.40897e+19 1.90336e+19 1.46099e+19 1.11963e+19 8.77431e+18 6.88408e+18 5.14928e+18 4.06385e+18 3.00817e+18 2.18261e+18 1.66126e+18 1.2376e+18 8.694e+17 5.55409e+17 3.55695e+17 2.20366e+17 1.27421e+17 7.42734e+16 4.36712e+16 2.5916e+16 1.55287e+16 9.39777e+15 5.74503e+15 9.13753e+20
16 1 0 0 0 1.51077e+20 1.34532e+20 1.14137e+20 9.68449e+19 7.85427e+19 6.61497e+19 5.52836e+19 4.58697e+19 3.77265e+19 3.02588e+19 2.41007e+19 1.90444e+19 1.46138e+19 1.11974e+19 8.77264e+18 6.88264e+18 5.14794e+18 4.06298e+18 3.00601e+18 2.18015e+18 1.65958e+18 1.23637e+18 8.68382e+17 5.54805e+17 3.55234e+17 2.19893e+17 1.27239e+17 7.42256e+16 4.36799e+16 2.59442e+16 1.556e+16 9.4257e+15 5.76764e+15 9.14626e+20
16 1 0 0 0 1.41922e+20 1.26376e+20 1.07222e+20 9.09807e+19 7.37773e+19 6.21444e+19 5.19316e+19 4.30739e+19 3.54282e+19 2.84147e+19 2.26268e+19 1.78815e+19 1.37177e+19 1.05091e+19 8.23118e+18 6.4577e+18 4.82988e+18 3.81209e+18 2.81907e+18 2.04378e+18 1.55595e+18 1.15918e+18 8.14029e+17 5.20116e+17 3.32959e+17 2.05942e+17 1.19247e+17 6.96141e+16 4.09981e+16 2.43714e+16 1.46293e+16 8.86963e+15 5.43217e+15 8.59071e+20
16 1 0 0 0 1.37165e+20 1.22132e+20 1.03626e+20 8.79336e+19 7.12986e+19 6.00642e+19 5.01894e+19 4.16155e+19 3.42296e+19 2.74525e+19 2.1856e+19 1.72741e+19 1.32482e+19 1.01479e+19 7.94633e+18 6.2341e+18 4.66244e+18 3.68005e+18 2.72024e+18 1.97141e+18 1.50101e+18 1.11826e+18 7.85172e+17 5.0171e+17 3.21119e+17 1.98471e+17 1.14994e+17 6.71774e+16 3.9592e+16 2.35537e+16 1.41497e+16 8.58587e+15 5.26269e+15 8.30147e+20
16 1 0 0 0 1.31454e+20 1.17037e+20 9.93081e+19 8.42736e+19 6.83242e+19 5.7566e+19 4.80988e+19 3.98695e+19 3.27943e+19 2.63006e+19 2.09347e+19 1.65474e+19 1.26877e+19 9.71723e+18 7.60721e+18 5.96794e+18 4.46318e+18 3.52289e+18 2.60297e+18 1.88575e+18 1.43593e+18 1.06979e+18 7.51025e+17 4.79921e+17 3.07119e+17 1.89682e+17 1.09969e+17 6.42848e+16 3.79142e+16 2.25723e+16 1.35706e+16 8.241e+15 5.05529e+15 7.95458e+20
16 1 0 0 0 1.50109e+20 1.33635e+20 1.13398e+20 9.62349e+19 7.80137e+19 6.57389e+19 5.49238e+19 4.5512e+19 3.74364e+19 3.00226e+19 2.38924e+19 1.88871e+19 1.44778e+19 1.10866e+19 8.67708e+18 6.80713e+18 5.09056e+18 4.01822e+18 2.96766e+18 2.14916e+18 1.63668e+18 1.21937e+18 8.55897e+17 5.46971e+17 3.49964e+17 2.15983e+17 1.25297e+17 7.32955e+16 4.32602e+16 2.57749e+16 1.55084e+16 9.42532e+15 5.78647e+15 9.08201e+20
16 1 0 0 0 1.50336e+20 1.33825e+20 1.13565e+20 9.63819e+19 7.81252e+19 6.5842e+19 5.50061e+19 4.55654e+19 3.74813e+19 3.00577e+19 2.39153e+19 1.8907e+19 1.44893e+19 1.10937e+19 8.68045e+18 6.80962e+18 5.0922e+18 4.01961e+18 2.96738e+18 2.14814e+18 1.63609e+18 1.21893e+18 8.55456e+17 5.46721e+17 3.49741e+17 2.15683e+17 1.25204e+17 7.32923e+16 4.32904e+16 2.58129e+16 1.55437e+16 9.45445e+15 5.80906e+15 9.09429e+20
16 1 0 0 0 1.50141e+20 1.33638e+20 1.13412e+20 9.62578e+19 7.80166e+19 6.576e+19 5.49336e+19 4.54903e+19 3.74204e+19 3.0008e+19 2.38708e+19 1.88735e+19 1.44598e+19 1.10694e+19 8.65921e+18 6.79279e+18 5.07939e+18 4.0096e+18 2.95865e+18 2.14099e+18 1.63082e+18 1.21501e+18 8.52569e+17 5.44907e+17 3.48516e+17 2.14762e+17 1.24753e+17 7.30804e+16 4.3198e+16 2.57783e+16 1.55355e+16 9.45724e+15 5.81555e+15 9.08095e+20
16 1 0 0 0 1.49892e+20 1.33404e+20 1.1322e+20 9.61e+19 7.7881e+19 6.5655e+19 5.48421e+19 4.53997e+19 3.73468e+19 2.99481e+19 2.38182e+19 1.88338e+19 1.44254e+19 1.10415e+19 8.63518e+18 6.77379e+18 5.06496e+18 3.99829e+18 2.94901e+18 2.13319e+18 1.62506e+18 1.21073e+18 8.49428e+17 5.4293e+17 3.47189e+17 2.13782e+17 1.24265e+17 7.28458e+16 4.30913e+16 2.57346e+16 1.55215e+16 9.45637e+15 5.81969e+15 9.06448e+20
16 1 0 0 0 1.49644e+20 1.33172e+20 1.13028e+20 9.59424e+19 7.77461e+19 6.55501e+19 5.47507e+19 4.53101e+19 3.7274e+19 2.98888e+19 2.37664e+19 1.87945e+19 1.43917e+19 1.10142e+19 8.61169e+18 6.75521e+18 5.05085e+18 3.98723e+18 2.93962e+18 2.1256e+18 1.61945e+18 1.20656e+18 8.46374e+17 5.41006e+17 3.45898e+17 2.12833e+17 1.23792e+17 7.26169e+16 4.29865e+16 2.5691e+16 1.55069e+16 9.45473e+15 5.8231e+15 9.04811e+20
16 1 0 0 0 1.49558e+20 1.33083e+20 1.12959e+20 9.58885e+19 7.76954e+19 6.55162e+19 5.47186e+19 4.52696e+19 3.72415e+19 2.98617e+19 2.37403e+19 1.87755e+19 1.43736e+19 1.09987e+19 8.59749e+18 6.74391e+18 5.04219e+18 3.98045e+18 2.93337e+18 2.12028e+18 1.61557e+18 1.20367e+18 8.4422e+17 5.39654e+17 3.44974e+17 2.1211e+17 1.23449e+17 7.24656e+16 4.29277e+16 2.56749e+16 1.5509e+16 9.46324e+15 5.83276e+15 9.04152e+20
16 1 0 0 0 1.49268e+20 1.32813e+20 1.12737e+20 9.57047e+19 7.75395e+19 6.53936e+19 5.46124e+19 4.51678e+19 3.71586e+19 2.97944e+19 2.36822e+19 1.87312e+19 1.43361e+19 1.09684e+19 8.57172e+18 6.72353e+18 5.02674e+18 3.96831e+18 2.9232e+18 2.11212e+18 1.60953e+18 1.19916e+18 8.40936e+17 5.3758e+17 3.43589e+17 2.11105e+17 1.22943e+17 7.2217e+16 4.2811e+16 2.56241e+16 1.549e+16 9.45883e+15 5.83442e+15 9.02268e+20
16 1 0 0 0 1.48944e+20 1.32515e+20 1.12489e+20 9.54987e+19 7.73667e+19 6.52554e+19 5.44936e+19 4.50581e+19 3.7069e+19 2.97218e+19 2.36207e+19 1.86839e+19 1.42969e+19 1.0937e+19 8.54551e+18 6.70283e+18 5.01109e+18 3.956e+18 2.91309e+18 2.10415e+18 1.6036e+18 1.19475e+18 8.37734e+17 5.35553e+17 3.42243e+17 2.1015e+17 1.22452e+17 7.19698e+16 4.269e+16 2.55675e+16 1.54656e+16 9.44994e+15 5.8326e+15 9.00201e+20
