8 1 0 0 0 0 0 0 0 0 0 0 0 0 0 0 0 0 0 0 0 0 0 0 0 0 0 0 0 0 0 0 0 0 0 0 0 0 0
8 1 0 0 0 0 0 0 0 0 0 0 0 0 0 0 0 0 0 0 0 0 0 0 0 0 0 0 0 0 0 0 0 0 0 0 0 0 0
8 1 0 0 0 3.48183e+19 3.09202e+19 2.6233e+19 2.22586e+19 1.80998e+19 1.52284e+19 1.27456e+19 1.06321e+19 8.7423e+18 7.01427e+18 5.60786e+18 4.42439e+18 3.40804e+18 2.61662e+18 2.05772e+18 1.61432e+18 1.20829e+18 9.52173e+17 7.09181e+17 5.1649e+17 3.92646e+17 2.92296e+17 2.05821e+17 1.31235e+17 8.42694e+16 5.27506e+16 3.02539e+16 1.74758e+16 1.01738e+16 5.97293e+15 3.53817e+15 2.11566e+15 1.27736e+15 2.11038e+20
8 1 0 0 0 1.46529e+20 1.30144e+20 1.10415e+20 9.36876e+19 7.61746e+19 6.40935e+19 5.36392e+19 4.47335e+19 3.67824e+19 2.9511e+19 2.35902e+19 1.86129e+19 1.43346e+19 1.10047e+19 8.65259e+18 6.78806e+18 5.08058e+18 4.00378e+18 2.98114e+18 2.1706e+18 1.65026e+18 1.2285e+18 8.64958e+17 5.51534e+17 3.54112e+17 2.21555e+17 1.27119e+17 7.34617e+16 4.27878e+16 2.51336e+16 1.48967e+16 8.91283e+15 5.38457e+15 8.88097e+20
8 1 0 0 0 1.35052e+20 1.19976e+20 1.0179e+20 8.63694e+19 7.02118e+19 5.90822e+19 4.94385e+19 4.12136e+19 3.38883e+19 2.71879e+19 2.17274e+19 1.7145e+19 1.32001e+19 1.0132e+19 7.96415e+18 6.24785e+18 4.67601e+18 3.68514e+18 2.74253e+18 1.99607e+18 1.51773e+18 1.12986e+18 7.95368e+17 5.07195e+17 3.25579e+17 2.03535e+17 1.16858e+17 6.75818e+16 3.93949e+16 2.31609e+16 1.37403e+16 8.22898e+15 4.97648e+15 8.18479e+20
8 1 0 0 0 1.53163e+20 1.36091e+20 1.15464e+20 9.79729e+19 7.96293e+19 6.70137e+19 5.60682e+19 4.67205e+19 3.8417e+19 3.08198e+19 2.46231e+19 1.94322e+19 1.49563e+19 1.1478e+19 9.01952e+18 7.0757e+18 5.29529e+18 4.17351e+18 3.10437e+18 2.25854e+18 1.7175e+18 1.27862e+18 8.99915e+17 5.73922e+17 3.68332e+17 2.30062e+17 1.3218e+17 7.65023e+16 4.46328e+16 2.62643e+16 1.55967e+16 9.3504e+15 5.6607e+15 9.28154e+20
8 1 0 0 0 1.52948e+20 1.35924e+20 1.15323e+20 9.78551e+19 7.95185e+19 6.69275e+19 5.59892e+19 4.6635e+19 3.83472e+19 3.07627e+19 2.45705e+19 1.9393e+19 1.49215e+19 1.14493e+19 8.9943e+18 7.05584e+18 5.28014e+18 4.16189e+18 3.09411e+18 2.25021e+18 1.71136e+18 1.27409e+18 8.96555e+17 5.71843e+17 3.66918e+17 2.28978e+17 1.31652e+17 7.62566e+16 4.45278e+16 2.6227e+16 1.559e+16 9.35612e+15 5.67026e+15 9.2676e+20
8 1 0 0 0 1.52944e+20 1.35947e+20 1.15344e+20 9.78737e+19 7.95185e+19 6.69346e+19 5.59881e+19 4.66142e+19 3.83307e+19 3.07484e+19 2.45521e+19 1.93808e+19 1.49074e+19 1.14366e+19 8.98153e+18 7.04574e+18 5.2723e+18 4.15602e+18 3.08811e+18 2.24496e+18 1.70757e+18 1.27131e+18 8.94426e+17 5.70549e+17 3.66006e+17 2.28208e+17 1.31305e+17 7.61168e+16 4.44853e+16 2.62267e+16 1.56055e+16 9.37529e+15 5.68804e+15 9.26655e+20
8 1 0 0 0 1.5145e+20 1.34645e+20 1.14241e+20 9.69388e+19 7.87444e+19 6.62896e+19 5.54417e+19 4.61401e+19 3.79414e+19 3.0435e+19 2.42952e+19 1.91801e+19 1.47486e+19 1.13128e+19 8.88172e+18 6.96735e+18 5.21337e+18 4.10986e+18 3.05224e+18 2.21802e+18 1.68727e+18 1.25624e+18 8.83655e+17 5.63738e+17 3.61559e+17 2.25242e+17 1.2969e+17 7.52398e+16 4.40103e+16 2.59705e+16 1.54681e+16 9.30218e+15 5.64959e+15 9.1753e+20
8 1 0 0 0 1.52088e+20 1.35239e+20 1.14746e+20 9.73681e+19 7.90789e+19 6.65777e+19 5.56758e+19 4.63163e+19 3.80868e+19 3.05504e+19 2.43809e+19 1.92499e+19 1.47979e+19 1.13488e+19 8.90739e+18 6.9874e+18 5.2281e+18 4.12175e+18 3.05954e+18 2.22249e+18 1.69086e+18 1.25895e+18 8.85397e+17 5.64906e+17 3.62233e+17 2.25472e+17 1.29913e+17 7.54264e+16 4.41559e+16 2.60796e+16 1.55477e+16 9.35916e+15 5.68989e+15 9.21325e+20
8 1 0 0 0 1.52376e+20 1.35521e+20 1.14986e+20 9.7573e+19 7.92315e+19 6.67125e+19 5.57818e+19 4.63864e+19 3.81449e+19 3.0596e+19 2.4411e+19 1.92757e+19 1.48134e+19 1.13589e+19 8.91282e+18 6.99158e+18 5.23095e+18 4.12427e+18 3.05991e+18 2.22194e+18 1.69062e+18 1.2588e+18 8.85138e+17 5.64796e+17 3.62089e+17 2.25198e+17 1.29843e+17 7.54422e+16 4.4201e+16 2.61289e+16 1.55913e+16 9.39434e+15 5.71684e+15 9.23003e+20
8 1 0 0 0 1.52086e+20 1.35286e+20 1.14787e+20 9.74048e+19 7.90812e+19 6.65927e+19 5.56754e+19 4.62806e+19 3.80586e+19 3.05257e+19 2.43488e+19 1.92286e+19 1.4773e+19 1.13261e+19 8.88464e+18 6.96937e+18 5.21408e+18 4.11121e+18 3.04876e+18 2.21302e+18 1.68402e+18 1.25392e+18 8.81549e+17 5.62557e+17 3.60582e+17 2.24079e+17 1.29285e+17 7.51731e+16 4.40784e+16 2.60786e+16 1.55752e+16 9.39338e+15 5.72169e+15 9.21167e+20
8 1 0 0 0 1.52101e+20 1.3532e+20 1.14817e+20 9.74307e+19 7.90891e+19 6.6606e+19 5.56807e+19 4.62683e+19 3.80493e+19 3.05172e+19 2.43361e+19 1.92205e+19 1.47627e+19 1.13165e+19 8.87476e+18 6.96152e+18 5.20796e+18 4.10662e+18 3.04395e+18 2.20873e+18 1.68094e+18 1.25165e+18 8.79805e+17 5.61493e+17 3.5983e+17 2.23438e+17 1.28998e+17 7.50596e+16 4.40456e+16 2.60805e+16 1.55897e+16 9.41049e+15 5.73731e+15 9.21181e+20
8 1 0 0 0 1.51855e+20 1.35122e+20 1.1465e+20 9.72892e+19 7.89611e+19 6.65048e+19 5.55901e+19 4.61766e+19 3.79747e+19 3.04562e+19 2.42817e+19 1.91794e+19 1.47271e+19 1.12874e+19 8.84964e+18 6.94172e+18 5.1929e+18 4.09496e+18 3.0339e+18 2.20064e+18 1.67496e+18 1.24723e+18 8.76547e+17 5.59461e+17 3.58459e+17 2.22412e+17 1.2849e+17 7.48171e+16 4.3937e+16 2.60375e+16 1.55774e+16 9.41137e+15 5.74302e+15 9.19612e+20
8 1 0 0 0 1.46194e+20 1.30107e+20 1.10395e+20 9.36787e+19 7.60186e+19 6.40325e+19 5.35179e+19 4.44402e+19 3.65474e+19 2.93105e+19 2.33629e+19 1.84554e+19 1.41674e+19 1.08569e+19 8.50996e+18 6.67518e+18 4.99328e+18 3.93774e+18 2.91614e+18 2.11449e+18 1.60955e+18 1.19854e+18 8.42197e+17 5.37578e+17 3.44375e+17 2.13514e+17 1.23425e+17 7.19169e+16 4.22645e+16 2.50656e+16 1.50081e+16 9.07498e+15 5.54243e+15 8.85269e+20
8 1 0 0 0 1.49502e+20 1.33077e+20 1.12914e+20 9.58168e+19 7.77403e+19 6.54891e+19 5.4729e+19 4.54294e+19 3.73616e+19 2.99623e+19 2.38767e+19 1.88631e+19 1.44764e+19 1.10919e+19 8.69184e+18 6.81774e+18 5.09967e+18 4.02184e+18 2.97702e+18 2.15782e+18 1.64271e+18 1.22326e+18 8.5942e+17 5.48616e+17 3.51377e+17 2.17681e+17 1.25918e+17 7.34225e+16 4.3183e+16 2.56315e+16 1.53601e+16 9.29611e+15 5.68259e+15 9.05238e+20
8 1 0 0 0 1.51613e+20 1.3497e+20 1.14522e+20 9.71822e+19 7.88377e+19 6.64193e+19 5.55015e+19 4.60571e+19 3.78786e+19 3.0376e+19 2.42017e+19 1.91214e+19 1.46712e+19 1.12398e+19 8.80578e+18 6.90701e+18 5.16625e+18 4.0745e+18 3.01484e+18 2.18455e+18 1.66321e+18 1.23855e+18 8.70036e+17 5.5543e+17 3.55685e+17 2.20206e+17 1.27449e+17 7.43598e+16 4.37624e+16 2.59931e+16 1.55879e+16 9.44083e+15 5.77531e+15 9.17951e+20
8 1 0 0 0 1.51389e+20 1.34771e+20 1.14357e+20 9.70444e+19 7.87168e+19 6.63245e+19 5.54177e+19 4.59737e+19 3.7811e+19 3.03211e+19 2.4153e+19 1.90847e+19 1.46395e+19 1.1214e+19 8.78343e+18 6.88937e+18 5.15283e+18 4.06407e+18 3.00588e+18 2.17732e+18 1.65787e+18 1.23459e+18 8.67126e+17 5.53608e+17 3.54458e+17 2.19293e+17 1.26996e+17 7.41431e+16 4.3665e+16 2.59542e+16 1.55763e+16 9.44113e+15 5.78001e+15 9.16479e+20
8 1 0 0 0 1.42114e+20 1.26512e+20 1.07352e+20 9.11024e+19 7.38875e+19 6.22619e+19 5.20185e+19 4.31404e+19 3.54817e+19 2.84521e+19 2.26595e+19 1.79061e+19 1.37318e+19 1.05172e+19 8.23573e+18 6.45967e+18 4.83121e+18 3.81058e+18 2.81722e+18 2.03995e+18 1.55343e+18 1.15682e+18 8.12379e+17 5.1868e+17 3.32036e+17 2.0527e+17 1.18942e+17 6.94835e+16 4.09476e+16 2.43559e+16 1.46277e+16 8.87277e+15 5.43615e+15 8.60193e+20
8 1 0 0 0 1.51106e+20 1.3451e+20 1.14143e+20 9.68705e+19 7.85589e+19 6.62064e+19 5.53108e+19 4.58576e+19 3.77176e+19 3.02445e+19 2.40826e+19 1.90324e+19 1.45923e+19 1.11748e+19 8.74873e+18 6.86192e+18 5.13188e+18 4.04783e+18 2.99145e+18 2.16542e+18 1.64913e+18 1.22811e+18 8.62321e+17 5.5061e+17 3.5242e+17 2.17731e+17 1.26239e+17 7.37944e+16 4.35183e+16 2.59038e+16 1.5569e+16 9.45093e+15 5.79479e+15 9.14515e+20
8 1 0 0 0 1.50913e+20 1.34328e+20 1.13994e+20 9.67486e+19 7.84532e+19 6.61248e+19 5.52392e+19 4.57854e+19 3.76589e+19 3.01967e+19 2.40403e+19 1.90005e+19 1.45646e+19 1.11522e+19 8.72911e+18 6.84641e+18 5.12009e+18 4.03864e+18 2.98353e+18 2.159e+18 1.64439e+18 1.22459e+18 8.59736e+17 5.48988e+17 3.51327e+17 2.16917e+17 1.25836e+17 7.36026e+16 4.34326e+16 2.58698e+16 1.55593e+16 9.45162e+15 5.79927e+15 9.13222e+20
8 1 0 0 0 1.5023e+20 1.33711e+20 1.13476e+20 9.63128e+19 7.8093e+19 6.58287e+19 5.49884e+19 4.55647e+19 3.74782e+19 3.0051e+19 2.392e+19 1.8907e+19 1.44896e+19 1.10934e+19 8.68121e+18 6.80872e+18 5.09171e+18 4.01635e+18 2.96595e+18 2.14559e+18 1.63433e+18 1.2171e+18 8.54364e+17 5.45586e+17 3.49096e+17 2.15401e+17 1.25026e+17 7.31718e+16 4.32057e+16 2.57517e+16 1.54988e+16 9.42145e+15 5.78478e+15 9.08966e+20
8 1 0 0 0 1.50661e+20 1.34085e+20 1.13798e+20 9.65914e+19 7.83118e+19 6.6021e+19 5.51453e+19 4.56814e+19 3.75749e+19 3.01278e+19 2.39766e+19 1.89533e+19 1.45217e+19 1.11165e+19 8.69733e+18 6.82124e+18 5.10087e+18 4.02367e+18 2.97019e+18 2.14793e+18 1.63627e+18 1.21856e+18 8.55264e+17 5.4619e+17 3.49426e+17 2.15458e+17 1.25131e+17 7.32791e+16 4.32975e+16 2.58243e+16 1.55536e+16 9.46153e+15 5.81358e+15 9.11447e+20
8 1 0 0 0 1.50482e+20 1.33917e+20 1.13661e+20 9.64785e+19 7.82142e+19 6.59455e+19 5.50791e+19 4.56152e+19 3.75211e+19 3.00839e+19 2.39379e+19 1.89241e+19 1.44964e+19 1.10958e+19 8.67951e+18 6.80714e+18 5.09016e+18 4.0153e+18 2.96302e+18 2.14212e+18 1.63197e+18 1.21536e+18 8.52921e+17 5.44717e+17 3.48435e+17 2.14723e+17 1.24766e+17 7.31045e+16 4.32189e+16 2.57927e+16 1.5544e+16 9.46154e+15 5.81717e+15 9.10254e+20
8 1 0 0 0 1.50546e+20 1.33962e+20 1.13706e+20 9.65234e+19 7.82413e+19 6.59791e+19 5.5102e+19 4.56161e+19 3.75228e+19 3.00842e+19 2.39322e+19 1.89217e+19 1.449e+19 1.10889e+19 8.67141e+18 6.80061e+18 5.085e+18 4.01134e+18 2.95851e+18 2.13786e+18 1.62895e+18 1.21312e+18 8.51182e+17 5.43643e+17 3.47672e+17 2.14056e+17 1.24478e+17 7.29976e+16 4.31946e+16 2.58024e+16 1.55649e+16 9.48353e+15 5.83636e+15 9.10476e+20
8 1 0 0 0 1.31368e+20 1.16895e+20 9.92202e+19 8.42268e+19 6.82689e+19 5.7571e+19 4.80776e+19 3.97957e+19 3.27347e+19 2.62443e+19 2.08755e+19 1.65052e+19 1.2638e+19 9.67094e+18 7.56192e+18 5.93045e+18 4.4342e+18 3.49808e+18 2.57957e+18 1.86374e+18 1.42013e+18 1.0576e+18 7.42008e+17 4.73899e+17 3.03046e+17 1.86515e+17 1.08476e+17 6.36224e+16 3.7653e+16 2.24959e+16 1.35728e+16 8.27141e+15 5.09145e+15 7.94401e+20
8 1 0 0 0 1.35323e+20 1.20407e+20 1.02206e+20 8.67654e+19 7.0321e+19 5.9308e+19 4.95251e+19 4.0983e+19 3.3712e+19 2.70273e+19 2.14947e+19 1.69961e+19 1.30111e+19 9.95522e+18 7.78259e+18 6.1034e+18 4.56336e+18 3.60004e+18 2.6538e+18 1.91677e+18 1.46067e+18 1.0878e+18 7.63097e+17 4.87394e+17 3.11629e+17 1.91679e+17 1.1154e+17 6.5458e+16 3.87632e+16 2.31741e+16 1.39912e+16 8.53203e+15 5.25534e+15 8.18224e+20
8 1 0 0 0 1.49496e+20 1.3301e+20 1.1291e+20 9.58577e+19 7.76874e+19 6.55282e+19 5.47172e+19 4.52696e+19 3.72392e+19 2.9855e+19 2.37407e+19 1.87736e+19 1.43694e+19 1.09935e+19 8.59268e+18 6.73856e+18 5.03818e+18 3.97457e+18 2.92894e+18 2.11493e+18 1.61182e+18 1.20037e+18 8.41985e+17 5.37822e+17 3.4383e+17 2.11386e+17 1.23078e+17 7.22729e+16 4.28259e+16 2.56196e+16 1.54777e+16 9.44466e+15 5.82115e+15 9.03878e+20
8 1 0 0 0 1.49814e+20 1.33287e+20 1.13149e+20 9.60647e+19 7.78501e+19 6.56717e+19 5.48338e+19 4.53557e+19 3.73105e+19 2.99114e+19 2.37822e+19 1.88077e+19 1.43928e+19 1.10101e+19 8.60417e+18 6.74743e+18 5.04465e+18 3.9797e+18 2.9318e+18 2.11638e+18 1.61305e+18 1.20129e+18 8.42535e+17 5.38188e+17 3.44021e+17 2.11388e+17 1.23138e+17 7.23448e+16 4.28913e+16 2.56728e+16 1.55186e+16 9.47496e+15 5.84309e+15 9.05711e+20
8 1 0 0 0 1.49444e+20 1.3295e+20 1.12868e+20 9.58301e+19 7.76544e+19 6.55135e+19 5.46983e+19 4.52323e+19 3.72096e+19 2.98298e+19 2.37137e+19 1.87547e+19 1.43493e+19 1.09757e+19 8.57554e+18 6.72484e+18 5.0276e+18 3.96627e+18 2.92092e+18 2.10787e+18 1.60671e+18 1.19656e+18 8.39117e+17 5.36022e+17 3.42588e+17 2.10384e+17 1.22616e+17 7.20777e+16 4.27575e+16 2.5608e+16 1.54888e+16 9.46251e+15 5.83892e+15 9.03372e+20
8 1 0 0 0 1.32721e+20 1.18068e+20 1.00237e+20 8.51075e+19 6.89587e+19 5.81817e+19 4.85729e+19 4.01573e+19 3.30346e+19 2.64816e+19 2.10485e+19 1.66477e+19 1.27346e+19 9.73936e+18 7.60823e+18 5.96619e+18 4.4602e+18 3.51877e+18 2.59057e+18 1.8689e+18 1.42467e+18 1.06097e+18 7.43944e+17 4.75217e+17 3.03685e+17 1.86378e+17 1.08665e+17 6.39024e+16 3.7924e+16 2.27233e+16 1.37505e+16 8.40453e+15 5.18858e+15 8.02159e+20
8 1 0 0 0 1.24472e+20 1.10725e+20 9.40048e+19 7.9818e+19 6.46687e+19 5.45654e+19 4.55517e+19 3.76531e+19 3.09748e+19 2.48297e+19 1.97333e+19 1.56081e+19 1.19377e+19 9.12913e+18 7.13062e+18 5.5916e+18 4.18004e+18 3.29781e+18 2.42737e+18 1.75081e+18 1.33471e+18 9.93983e+17 6.9691e+17 4.45176e+17 2.8446e+17 1.74505e+17 1.01773e+17 5.98682e+16 3.55418e+16 2.13034e+16 1.28959e+16 7.88508e+15 4.86968e+15 7.52223e+20
8 1 0 0 0 0 0 0 0 0 0 0 0 0 0 0 0 0 0 0 0 0 0 0 0 0 0 0 0 0 0 0 0 0 0 0 0 0 0
8 1 0 0 0 0 0 0 0 0 0 0 0 0 0 0 0 0 0 0 0 0 0 0 0 0 0 0 0 0 0 0 0 0 0 0 0 0 0
8 1 0 0 0 0 0 0 0 0 0 0 0 0 0 0 0 0 0 0 0 0 0 0 0 0 0 0 0 0 0 0 0 0 0 0 0 0 0
8 1 0 0 0 0 0 0 0 0 0 0 0 0 0 0 0 0 0 0 0 0 0 0 0 0 0 0 0 0 0 0 0 0 0 0 0 0 0
8 1 0 0 0 0 0 0 0 0 0 0 0 0 0 0 0 0 0 0 0 0 0 0 0 0 0 0 0 0 0 0 0 0 0 0 0 0 0
8 1 0 0 0 0 0 0 0 0 0 0 0 0 0 0 0 0 0 0 0 0 0 0 0 0 0 0 0 0 0 0 0 0 0 0 0 0 0
8 1 0 0 0 0 0 0 0 0 0 0 0 0 0 0 0 0 0 0 0 0 0 0 0 0 0 0 0 0 0 0 0 0 0 0 0 0 0
8 1 0 0 0 0 0 0 0 0 0 0 0 0 0 0 0 0 0 0 0 0 0 0 0 0 0 0 0 0 0 0 0 0 0 0 0 0 0
8 1 0 0 0 0 0 0 0 0 0 0 0 0 0 0 0 0 0 0 0 0 0 0 0 0 0 0 0 0 0 0 0 0 0 0 0 0 0
8 1 0 0 0 0 0 0 0 0 0 0 0 0 0 0 0 0 0 0 0 0 0 0 0 0 0 0 0 0 0 0 0 0 0 0 0 0 0
8 1 0 0 0 1.48411e+20 1.31947e+20 1.12077e+20 9.521e+19 7.70912e+19 6.51191e+19 5.43256e+19 4.4793e+19 3.68542e+19 2.95353e+19 2.34382e+19 1.85519e+19 1.41596e+19 1.08154e+19 8.43068e+18 6.60935e+18 4.93929e+18 3.8965e+18 2.85797e+18 2.05445e+18 1.56768e+18 1.16739e+18 8.175e+17 5.22354e+17 3.33302e+17 2.03236e+17 1.19197e+17 7.05337e+16 4.21311e+16 2.54117e+16 1.54801e+16 9.52441e+15 5.91799e+15 8.96017e+20
8 1 0 0 0 1.48001e+20 1.3158e+20 1.11768e+20 9.4949e+19 7.68778e+19 6.49419e+19 5.4176e+19 4.46648e+19 3.67489e+19 2.94505e+19 2.33694e+19 1.8498e+19 1.41173e+19 1.07824e+19 8.40425e+18 6.58855e+18 4.92367e+18 3.88416e+18 2.84848e+18 2.04731e+18 1.5623e+18 1.16338e+18 8.14646e+17 5.20533e+17 3.3212e+17 2.0246e+17 1.1877e+17 7.02991e+16 4.20018e+16 2.53404e+16 1.54407e+16 9.50261e+15 5.90592e+15 8.93504e+20
8 1 0 0 0 1.47909e+20 1.31492e+20 1.11697e+20 9.48928e+19 7.68283e+19 6.49059e+19 5.41427e+19 4.46283e+19 3.67193e+19 2.9426e+19 2.33472e+19 1.84814e+19 1.41021e+19 1.07698e+19 8.39303e+18 6.57959e+18 4.91684e+18 3.87872e+18 2.84369e+18 2.04327e+18 1.55934e+18 1.16116e+18 8.13013e+17 5.19493e+17 3.31418e+17 2.01929e+17 1.18513e+17 7.01801e+16 4.19512e+16 2.53224e+16 1.54373e+16 9.50519e+15 5.91031e+15 8.9287e+20
8 1 0 0 0 1.47579e+20 1.31192e+20 1.11446e+20 9.46828e+19 7.66552e+19 6.47646e+19 5.40226e+19 4.45221e+19 3.66322e+19 2.93557e+19 2.32892e+19 1.84363e+19 1.40658e+19 1.07412e+19 8.36963e+18 6.56112e+18 4.90294e+18 3.86771e+18 2.83496e+18 2.03653e+18 1.5543e+18 1.15739e+18 8.1031e+17 5.17769e+17 3.30287e+17 2.0116e+17 1.18104e+17 6.99649e+16 4.18391e+16 2.52648e+16 1.54083e+16 9.49101e+15 5.90371e+15 8.90815e+20
8 1 0 0 0 1.47266e+20 1.30904e+20 1.11207e+20 9.44837e+19 7.6489e+19 6.4633e+19 5.39096e+19 4.44173e+19 3.65465e+19 2.9286e+19 2.32304e+19 1.83911e+19 1.40282e+19 1.07111e+19 8.34436e+18 6.5411e+18 4.8878e+18 3.85568e+18 2.8251e+18 2.02866e+18 1.54846e+18 1.15302e+18 8.07147e+17 5.15753e+17 3.28952e+17 2.00214e+17 1.17621e+17 6.97222e+16 4.17209e+16 2.52099e+16 1.53849e+16 9.48259e+15 5.9021e+15 8.88823e+20
8 1 0 0 0 1.47314e+20 1.30938e+20 1.1124e+20 9.45157e+19 7.65111e+19 6.46584e+19 5.39283e+19 4.44239e+19 3.65523e+19 2.929e+19 2.32308e+19 1.83924e+19 1.40268e+19 1.07089e+19 8.34134e+18 6.53857e+18 4.88578e+18 3.85402e+18 2.82308e+18 2.02662e+18 1.54702e+18 1.15194e+18 8.06309e+17 5.15221e+17 3.28575e+17 1.99884e+17 1.17481e+17 6.96728e+16 4.17118e+16 2.52169e+16 1.53967e+16 9.49449e+15 5.91225e+15 8.89035e+20
8 1 0 0 0 1.4722e+20 1.30848e+20 1.11167e+20 9.44569e+19 7.64598e+19 6.4621e+19 5.38946e+19 4.43881e+19 3.65231e+19 2.92659e+19 2.32093e+19 1.83762e+19 1.40123e+19 1.06968e+19 8.33071e+18 6.53008e+18 4.87931e+18 3.84886e+18 2.81858e+18 2.02285e+18 1.54426e+18 1.14986e+18 8.04783e+17 5.14246e+17 3.27919e+17 1.99393e+17 1.17241e+17 6.956e+16 4.16625e+16 2.51982e+16 1.53921e+16 9.4957e+15 5.91545e+15 8.88394e+20
8 1 0 0 0 1.46927e+20 1.30581e+20 1.10944e+20 9.42703e+19 7.63052e+19 6.44962e+19 5.37881e+19 4.42922e+19 3.64445e+19 2.92021e+19 2.31563e+19 1.83351e+19 1.39787e+19 1.06703e+19 8.30875e+18 6.51272e+18 4.86621e+18 3.83848e+18 2.81025e+18 2.01632e+18 1.53938e+18 1.14621e+18 8.02159e+17 5.12569e+17 3.26815e+17 1.98629e+17 1.1684e+17 6.93521e+16 4.15563e+16 2.51452e+16 1.53665e+16 9.484e+15 5.91063e+15 8.86553e+20
8 1 0 0 0 7.38845e+19 6.56618e+19 5.5789e+19 4.74058e+19 3.83703e+19 3.24343e+19 2.70484e+19 2.22701e+19 1.83243e+19 1.46826e+19 1.16418e+19 9.21835e+18 7.02722e+18 5.36365e+18 4.1761e+18 3.27334e+18 2.44574e+18 1.92918e+18 1.41212e+18 1.01297e+18 7.73405e+17 5.75867e+17 4.02983e+17 2.575e+17 1.6417e+17 9.97417e+16 5.86899e+16 3.48479e+16 2.08882e+16 1.26435e+16 7.72919e+15 4.77194e+15 2.97492e+15 4.45788e+20
8 1 0 0 0 0 0 0 0 0 0 0 0 0 0 0 0 0 0 0 0 0 0 0 0 0 0 0 0 0 0 0 0 0 0 0 0 0 0
8 1 0 0 0 0 0 0 0 0 0 0 0 0 0 0 0 0 0 0 0 0 0 0 0 0 0 0 0 0 0 0 0 0 0 0 0 0 0
8 1 0 0 0 2.50494e+19 2.22329e+19 1.88653e+19 1.60095e+19 1.30144e+19 1.09545e+19 9.16795e+18 7.64103e+18 6.28359e+18 5.04127e+18 4.02802e+18 3.17886e+18 2.44693e+18 1.87799e+18 1.47587e+18 1.15782e+18 8.66507e+17 6.82951e+17 5.08067e+17 3.69705e+17 2.81129e+17 2.09297e+17 1.47314e+17 9.39543e+16 6.03014e+16 3.76749e+16 2.16425e+16 1.25239e+16 7.30533e+15 4.29799e+15 2.55177e+15 1.52947e+15 9.25726e+14 1.51733e+20
8 1 0 0 0 1.52514e+20 1.35411e+20 1.149e+20 9.75062e+19 7.92497e+19 6.67122e+19 5.5822e+19 4.6506e+19 3.82437e+19 3.06808e+19 2.45082e+19 1.93432e+19 1.48849e+19 1.14219e+19 8.97363e+18 7.0396e+18 5.26811e+18 4.15219e+18 3.08745e+18 2.24561e+18 1.70781e+18 1.27142e+18 8.94741e+17 5.70659e+17 3.66187e+17 2.28595e+17 1.31404e+17 7.60952e+16 4.44219e+16 2.61571e+16 1.55436e+16 9.3252e+15 5.64956e+15 9.23819e+20
8 1 0 0 0 1.53157e+20 1.36003e+20 1.15404e+20 9.79347e+19 7.95855e+19 6.70005e+19 5.60573e+19 4.66856e+19 3.83919e+19 3.07986e+19 2.45966e+19 1.9415e+19 1.49362e+19 1.14596e+19 9.00103e+18 7.06102e+18 5.2839e+18 4.16489e+18 3.09555e+18 2.25077e+18 1.7119e+18 1.2745e+18 8.96763e+17 5.72e+17 3.66981e+17 2.28925e+17 1.31672e+17 7.63009e+16 4.45741e+16 2.62671e+16 1.56219e+16 9.38026e+15 5.68799e+15 9.27643e+20
8 1 0 0 0 1.52414e+20 1.35371e+20 1.14869e+20 9.74817e+19 7.92025e+19 6.66849e+19 5.57861e+19 4.64401e+19 3.81906e+19 3.0636e+19 2.44599e+19 1.93093e+19 1.48503e+19 1.13918e+19 8.94506e+18 7.01703e+18 5.25071e+18 4.13903e+18 3.07472e+18 2.23475e+18 1.69991e+18 1.26561e+18 8.90341e+17 5.67966e+17 3.64314e+17 2.27063e+17 1.30695e+17 7.57947e+16 4.43167e+16 2.61397e+16 1.55615e+16 9.35361e+15 5.67785e+15 9.23072e+20
8 1 0 0 0 1.52382e+20 1.35369e+20 1.14868e+20 9.74814e+19 7.91887e+19 6.66794e+19 5.57748e+19 4.64129e+19 3.81686e+19 3.06173e+19 2.44388e+19 1.92946e+19 1.48348e+19 1.13781e+19 8.9319e+18 7.00661e+18 5.24265e+18 4.13293e+18 3.06873e+18 2.22959e+18 1.69616e+18 1.26286e+18 8.88247e+17 5.66682e+17 3.63418e+17 2.26324e+17 1.30356e+17 7.56525e+16 4.42684e+16 2.61333e+16 1.55716e+16 9.36841e+15 5.69229e+15 9.22811e+20
8 1 0 0 0 1.41827e+20 1.26017e+20 1.06933e+20 9.0748e+19 7.37052e+19 6.20675e+19 5.19105e+19 4.31803e+19 3.55104e+19 2.84837e+19 2.27299e+19 1.79472e+19 1.37947e+19 1.05787e+19 8.30203e+18 6.51243e+18 4.87261e+18 3.84149e+18 2.85095e+18 2.07058e+18 1.57537e+18 1.17295e+18 8.24859e+17 5.26283e+17 3.37441e+17 2.09971e+17 1.21014e+17 7.0281e+16 4.11569e+16 2.43165e+16 1.45017e+16 8.73274e+15 5.31104e+15 8.58815e+20
8 1 0 0 0 1.25512e+20 1.11548e+20 9.46529e+19 8.03253e+19 6.52265e+19 5.49303e+19 4.59345e+19 3.81952e+19 3.14104e+19 2.51934e+19 2.0099e+19 1.5871e+19 1.21955e+19 9.35078e+18 7.33657e+18 5.75505e+18 4.30565e+18 3.3948e+18 2.51837e+18 1.82838e+18 1.39123e+18 1.03585e+18 7.28322e+17 4.64702e+17 2.979e+17 1.85214e+17 1.06797e+17 6.20574e+16 3.63626e+16 2.14977e+16 1.28295e+16 7.73139e+15 4.70562e+15 7.59939e+20
8 1 0 0 0 1.43725e+20 1.27762e+20 1.08413e+20 9.20044e+19 7.47008e+19 6.29148e+19 5.26064e+19 4.37281e+19 3.59613e+19 2.88434e+19 2.30061e+19 1.81687e+19 1.39578e+19 1.07006e+19 8.39352e+18 6.58407e+18 4.92576e+18 3.88387e+18 2.87989e+18 2.09021e+18 1.59062e+18 1.18436e+18 8.32615e+17 5.31324e+17 3.40548e+17 2.1159e+17 1.22094e+17 7.10017e+16 4.16386e+16 2.46389e+16 1.47178e+16 8.87778e+15 5.40857e+15 8.70229e+20
8 1 0 0 0 1.51595e+20 1.34786e+20 1.14374e+20 9.70642e+19 7.8798e+19 6.63711e+19 5.54906e+19 4.61102e+19 3.79209e+19 3.04144e+19 2.42541e+19 1.91562e+19 1.47128e+19 1.12779e+19 8.84422e+18 6.93751e+18 5.18998e+18 4.09236e+18 3.03319e+18 2.20077e+18 1.67491e+18 1.24715e+18 8.76629e+17 5.59463e+17 3.58522e+17 2.22606e+17 1.28532e+17 7.47972e+16 4.38969e+16 2.59956e+16 1.5541e+16 9.38224e+15 5.72078e+15 9.17867e+20
8 1 0 0 0 1.51817e+20 1.35007e+20 1.14562e+20 9.72237e+19 7.89151e+19 6.64759e+19 5.55723e+19 4.61623e+19 3.79644e+19 3.04482e+19 2.42756e+19 1.91749e+19 1.47233e+19 1.12844e+19 8.84704e+18 6.9396e+18 5.19132e+18 4.09359e+18 3.03278e+18 2.19968e+18 1.67426e+18 1.24669e+18 8.76164e+17 5.59208e+17 3.58294e+17 2.223e+17 1.28435e+17 7.47919e+16 4.3926e+16 2.60331e+16 1.55761e+16 9.41139e+15 5.74347e+15 9.1915e+20
8 1 0 0 0 1.51692e+20 1.34918e+20 1.14487e+20 9.71605e+19 7.88517e+19 6.64286e+19 5.55269e+19 4.61094e+19 3.79215e+19 3.04128e+19 2.4242e+19 1.91502e+19 1.47005e+19 1.12653e+19 8.8299e+18 6.92605e+18 5.18095e+18 4.08559e+18 3.02555e+18 2.19368e+18 1.66986e+18 1.24343e+18 8.73741e+17 5.57702e+17 3.57265e+17 2.21501e+17 1.28052e+17 7.46185e+16 4.38556e+16 2.60113e+16 1.55754e+16 9.41868e+15 5.7527e+15 9.18335e+20
8 1 0 0 0 1.51538e+20 1.34803e+20 1.1439e+20 9.70789e+19 7.87729e+19 6.63686e+19 5.54708e+19 4.6047e+19 3.7871e+19 3.03712e+19 2.42033e+19 1.91214e+19 1.46745e+19 1.12437e+19 8.81074e+18 6.91091e+18 5.16939e+18 4.07665e+18 3.01759e+18 2.18712e+18 1.66504e+18 1.23987e+18 8.71092e+17 5.56053e+17 3.56143e+17 2.20638e+17 1.27635e+17 7.44266e+16 4.37753e+16 2.59841e+16 1.55719e+16 9.42451e+15 5.76119e+15 9.1734e+20
8 1 0 0 0 1.51306e+20 1.34618e+20 1.14234e+20 9.6946e+19 7.86532e+19 6.62738e+19 5.53859e+19 4.59615e+19 3.78013e+19 3.03143e+19 2.41528e+19 1.90831e+19 1.46414e+19 1.12168e+19 8.78749e+18 6.89256e+18 5.15544e+18 4.06583e+18 3.00829e+18 2.17963e+18 1.6595e+18 1.23576e+18 8.68076e+17 5.54167e+17 3.54872e+17 2.19692e+17 1.27165e+17 7.42016e+16 4.36739e+16 2.59433e+16 1.55596e+16 9.42463e+15 5.76593e+15 9.1587e+20
8 1 0 0 0 1.45839e+20 1.29777e+20 1.10125e+20 9.34596e+19 7.58133e+19 6.38863e+19 5.33851e+19 4.42872e+19 3.64249e+19 2.92094e+19 2.32676e+19 1.83853e+19 1.41026e+19 1.08025e+19 8.46093e+18 6.63632e+18 4.96357e+18 3.91465e+18 2.89525e+18 2.09703e+18 1.59676e+18 1.18906e+18 8.35143e+17 5.33178e+17 3.41373e+17 2.11187e+17 1.22313e+17 7.14163e+16 4.20632e+16 2.50045e+16 1.50078e+16 9.09736e+15 5.57002e+15 8.8273e+20
8 1 0 0 0 1.50191e+20 1.33666e+20 1.13427e+20 9.6262e+19 7.80759e+19 6.57988e+19 5.4978e+19 4.55948e+19 3.7501e+19 3.00714e+19 2.39495e+19 1.89256e+19 1.45136e+19 1.11158e+19 8.70432e+18 6.82711e+18 5.10606e+18 4.02718e+18 2.97727e+18 2.15572e+18 1.64161e+18 1.22247e+18 8.58486e+17 5.48114e+17 3.50878e+17 2.16918e+17 1.25705e+17 7.34426e+16 4.32857e+16 2.57493e+16 1.54662e+16 9.38226e+15 5.7488e+15 9.09005e+20
8 1 0 0 0 1.5066e+20 1.34083e+20 1.13784e+20 9.65682e+19 7.83154e+19 6.60078e+19 5.51481e+19 4.57222e+19 3.76069e+19 3.01556e+19 2.40118e+19 1.89766e+19 1.45491e+19 1.11415e+19 8.72238e+18 6.84115e+18 5.11635e+18 4.03542e+18 2.98215e+18 2.15851e+18 1.6439e+18 1.22419e+18 8.59564e+17 5.48837e+17 3.51281e+17 2.17016e+17 1.25837e+17 7.35673e+16 4.3389e+16 2.58294e+16 1.55259e+16 9.42568e+15 5.77982e+15 9.1173e+20
8 1 0 0 0 1.50534e+20 1.33968e+20 1.1369e+20 9.64918e+19 7.82449e+19 6.59557e+19 5.51002e+19 4.56689e+19 3.75641e+19 3.01205e+19 2.39792e+19 1.89525e+19 1.45271e+19 1.11231e+19 8.70599e+18 6.82817e+18 5.10644e+18 4.02772e+18 2.97525e+18 2.15278e+18 1.63969e+18 1.22107e+18 8.5725e+17 5.47392e+17 3.50298e+17 2.16258e+17 1.25472e+17 7.34012e+16 4.33207e+16 2.58073e+16 1.55242e+16 9.43174e+15 5.78793e+15 9.10847e+20
8 1 0 0 0 1.4518e+20 1.29196e+20 1.09644e+20 9.30616e+19 7.54559e+19 6.36114e+19 5.3138e+19 4.40303e+19 3.62168e+19 2.90392e+19 2.31141e+19 1.82701e+19 1.40009e+19 1.07188e+19 8.38774e+18 6.57846e+18 4.91947e+18 3.88038e+18 2.86535e+18 2.07259e+18 1.57876e+18 1.1757e+18 8.25282e+17 5.26998e+17 3.37195e+17 2.08031e+17 1.20761e+17 7.06841e+16 4.17417e+16 2.48821e+16 1.49773e+16 9.10546e+15 5.59141e+15 8.7832e+20
8 1 0 0 0 1.50234e+20 1.33684e+20 1.13459e+20 9.63042e+19 7.80783e+19 6.58299e+19 5.49879e+19 4.55501e+19 3.74678e+19 3.00416e+19 2.39076e+19 1.88989e+19 1.44795e+19 1.10838e+19 8.67146e+18 6.80086e+18 5.08561e+18 4.01153e+18 2.96105e+18 2.14112e+18 1.63112e+18 1.2147e+18 8.52545e+17 5.44442e+17 3.483e+17 2.14743e+17 1.24729e+17 7.30521e+16 4.31684e+16 2.57503e+16 1.55109e+16 9.43665e+15 5.79894e+15 9.08783e+20
8 1 0 0 0 1.50031e+20 1.33495e+20 1.13304e+20 9.61766e+19 7.79691e+19 6.5745e+19 5.49138e+19 4.5477e+19 3.74084e+19 2.99933e+19 2.38654e+19 1.8867e+19 1.4452e+19 1.10615e+19 8.65225e+18 6.78567e+18 5.07408e+18 4.00251e+18 2.95334e+18 2.1349e+18 1.62653e+18 1.21129e+18 8.50043e+17 5.42873e+17 3.47247e+17 2.13966e+17 1.24345e+17 7.28691e+16 4.30866e+16 2.57178e+16 1.55014e+16 9.43709e+15 5.80301e+15 9.07451e+20
8 1 0 0 0 1.50128e+20 1.33573e+20 1.13374e+20 9.62409e+19 7.80152e+19 6.5791e+19 5.49488e+19 4.54942e+19 3.74232e+19 3.00045e+19 2.38704e+19 1.88724e+19 1.44531e+19 1.1061e+19 8.65014e+18 6.78389e+18 5.07257e+18 4.00137e+18 2.95147e+18 2.13289e+18 1.62513e+18 1.21026e+18 8.49214e+17 5.42367e+17 3.46873e+17 2.13608e+17 1.24202e+17 7.28259e+16 4.30866e+16 2.57337e+16 1.55208e+16 9.45496e+15 5.81771e+15 9.07926e+20
8 1 0 0 0 1.50064e+20 1.33508e+20 1.13324e+20 9.62026e+19 7.79781e+19 6.57668e+19 5.49252e+19 4.54627e+19 3.7398e+19 2.99835e+19 2.38498e+19 1.88575e+19 1.44387e+19 1.10486e+19 8.63866e+18 6.77475e+18 5.06556e+18 3.9959e+18 2.94639e+18 2.12855e+18 1.62197e+18 1.2079e+18 8.47453e+17 5.41264e+17 3.46117e+17 2.13012e+17 1.23921e+17 7.27028e+16 4.30397e+16 2.57218e+16 1.55236e+16 9.46279e+15 5.82628e+15 9.07431e+20
8 1 0 0 0 1.50045e+20 1.33483e+20 1.13309e+20 9.61932e+19 7.79646e+19 6.57624e+19 5.49181e+19 4.54453e+19 3.73842e+19 2.99717e+19 2.38366e+19 1.88485e+19 1.44287e+19 1.10397e+19 8.62997e+18 6.76781e+18 5.06019e+18 3.99172e+18 2.94229e+18 2.12493e+18 1.61935e+18 1.20595e+18 8.45983e+17 5.40346e+17 3.45481e+17 2.12492e+17 1.23683e+17 7.26034e+16 4.30059e+16 2.57172e+16 1.55304e+16 9.4729e+15 5.83613e+15 9.07212e+20
8 1 0 0 0 1.4643e+20 1.30259e+20 1.10576e+20 9.38778e+19 7.60824e+19 6.41814e+19 5.35946e+19 4.43391e+19 3.64749e+19 2.92419e+19 2.32526e+19 1.83879e+19 1.40733e+19 1.07666e+19 8.41485e+18 6.59897e+18 4.93379e+18 3.89206e+18 2.86786e+18 2.07055e+18 1.57805e+18 1.17519e+18 8.24306e+17 5.26519e+17 3.36594e+17 2.06906e+17 1.20492e+17 7.07686e+16 4.19429e+16 2.50963e+16 1.51646e+16 9.25536e+15 5.70553e+15 8.85252e+20
8 1 0 0 0 1.49195e+20 1.32712e+20 1.12663e+20 9.56535e+19 7.7516e+19 6.53974e+19 5.46067e+19 4.51654e+19 3.71551e+19 2.97866e+19 2.36821e+19 1.87289e+19 1.43315e+19 1.09628e+19 8.56657e+18 6.71782e+18 5.02248e+18 3.96207e+18 2.91848e+18 2.10646e+18 1.60555e+18 1.19568e+18 8.38573e+17 5.35651e+17 3.42385e+17 2.10345e+17 1.22556e+17 7.20194e+16 4.27082e+16 2.55692e+16 1.54595e+16 9.44099e+15 5.8234e+15 9.01872e+20
8 1 0 0 0 1.49259e+20 1.32761e+20 1.1271e+20 9.56975e+19 7.75458e+19 6.54297e+19 5.46301e+19 4.5173e+19 3.7162e+19 2.97913e+19 2.3682e+19 1.87302e+19 1.43294e+19 1.09599e+19 8.56255e+18 6.71452e+18 5.01984e+18 3.96002e+18 2.91593e+18 2.10393e+18 1.60377e+18 1.19435e+18 8.37539e+17 5.35009e+17 3.41924e+17 2.09932e+17 1.22382e+17 7.19582e+16 4.26977e+16 2.55788e+16 1.54752e+16 9.45658e+15 5.83669e+15 9.02154e+20
8 1 0 0 0 1.49092e+20 1.32605e+20 1.12582e+20 9.55931e+19 7.74559e+19 6.53604e+19 5.4569e+19 4.51116e+19 3.7112e+19 2.97504e+19 2.3646e+19 1.8703e+19 1.43058e+19 1.09406e+19 8.54582e+18 6.70127e+18 5.00976e+18 3.95209e+18 2.90913e+18 2.09839e+18 1.59968e+18 1.1913e+18 8.35303e+17 5.33596e+17 3.40976e+17 2.09229e+17 1.22034e+17 7.17917e+16 4.26227e+16 2.55487e+16 1.54661e+16 9.45657e+15 5.84007e+15 9.01046e+20
8 1 0 0 0 1.48928e+20 1.32451e+20 1.12456e+20 9.54902e+19 7.73672e+19 6.52922e+19 5.45086e+19 4.50509e+19 3.70626e+19 2.97101e+19 2.36105e+19 1.86762e+19 1.42824e+19 1.09215e+19 8.52929e+18 6.68816e+18 4.9998e+18 3.94426e+18 2.90241e+18 2.0929e+18 1.59564e+18 1.18829e+18 8.3309e+17 5.32198e+17 3.40036e+17 2.08533e+17 1.21689e+17 7.1627e+16 4.25487e+16 2.5519e+16 1.54571e+16 9.45663e+15 5.84348e+15 8.99954e+20
8 1 0 0 0 1.4863e+20 1.3218e+20 1.1223e+20 9.53025e+19 7.72102e+19 6.51661e+19 5.44e+19 4.49508e+19 3.69808e+19 2.96438e+19 2.35545e+19 1.86331e+19 1.42467e+19 1.0893e+19 8.50552e+18 6.66939e+18 4.98561e+18 3.93307e+18 2.89326e+18 2.08569e+18 1.59027e+18 1.18429e+18 8.30193e+17 5.30361e+17 3.38819e+17 2.07672e+17 1.21245e+17 7.14026e+16 4.24381e+16 2.54667e+16 1.54341e+16 9.44784e+15 5.84125e+15 8.98067e+20
8 1 0 0 0 1.49021e+20 1.3252e+20 1.12524e+20 9.55559e+19 7.74105e+19 6.53415e+19 5.45432e+19 4.50585e+19 3.70699e+19 2.97145e+19 2.36073e+19 1.86761e+19 1.42769e+19 1.09148e+19 8.52097e+18 6.68136e+18 4.99441e+18 3.94002e+18 2.89744e+18 2.08807e+18 1.59222e+18 1.18573e+18 8.31111e+17 5.30962e+17 3.39158e+17 2.07763e+17 1.21359e+17 7.15068e+16 4.25234e+16 2.55323e+16 1.54827e+16 9.48297e+15 5.86625e+15 9.00335e+20
8 1 0 0 0 1.48696e+20 1.32225e+20 1.12278e+20 9.5351e+19 7.72398e+19 6.52038e+19 5.44249e+19 4.49506e+19 3.69817e+19 2.9643e+19 2.35473e+19 1.86298e+19 1.42387e+19 1.08845e+19 8.49577e+18 6.66145e+18 4.97937e+18 3.92815e+18 2.88781e+18 2.0805e+18 1.58658e+18 1.18153e+18 8.28073e+17 5.29034e+17 3.37883e+17 2.06868e+17 1.20895e+17 7.12703e+16 4.24055e+16 2.54756e+16 1.54569e+16 9.47243e+15 5.86292e+15 8.98289e+20
8 1 0 0 0 1.48399e+20 1.31954e+20 1.12053e+20 9.51631e+19 7.70831e+19 6.50775e+19 5.43165e+19 4.48516e+19 3.69006e+19 2.95774e+19 2.34922e+19 1.85872e+19 1.42038e+19 1.08567e+19 8.47263e+18 6.64317e+18 4.96556e+18 3.91726e+18 2.87896e+18 2.07355e+18 1.5814e+18 1.17766e+18 8.25281e+17 5.2726e+17 3.3671e+17 2.06045e+17 1.20468e+17 7.10531e+16 4.22973e+16 2.54235e+16 1.54333e+16 9.4628e+15 5.8599e+15 8.96411e+20
8 1 0 0 0 1.39601e+20 1.24124e+20 1.05408e+20 8.95244e+19 7.2511e+19 6.12238e+19 5.10967e+19 4.21827e+19 3.47054e+19 2.78171e+19 2.20908e+19 1.74797e+19 1.33547e+19 1.02065e+19 7.96369e+18 6.24398e+18 4.66703e+18 3.68174e+18 2.70496e+18 1.9476e+18 1.48548e+18 1.10622e+18 7.75127e+17 4.95229e+17 3.16212e+17 1.93388e+17 1.13127e+17 6.67598e+16 3.97643e+16 2.3915e+16 1.45261e+16 8.91177e+15 5.52182e+15 8.4318e+20
8 1 0 0 0 1.48279e+20 1.31835e+20 1.11961e+20 9.5093e+19 7.70171e+19 6.5034e+19 5.42735e+19 4.47963e+19 3.6856e+19 2.95401e+19 2.34563e+19 1.85612e+19 1.41786e+19 1.08351e+19 8.45283e+18 6.62735e+18 4.95344e+18 3.90767e+18 2.87015e+18 2.06598e+18 1.57589e+18 1.17354e+18 8.22215e+17 5.25322e+17 3.35388e+17 2.05015e+17 1.19981e+17 7.08369e+16 4.22128e+16 2.53999e+16 1.54356e+16 9.47437e+15 5.8732e+15 8.9552e+20
8 1 0 0 0 1.48277e+20 1.31827e+20 1.11958e+20 9.50943e+19 7.70138e+19 6.50371e+19 5.42729e+19 4.47862e+19 3.68481e+19 2.95331e+19 2.34477e+19 1.85554e+19 1.41717e+19 1.08287e+19 8.4464e+18 6.62217e+18 4.94942e+18 3.90449e+18 2.86696e+18 2.06309e+18 1.57381e+18 1.17198e+18 8.21039e+17 5.2458e+17 3.34874e+17 2.04593e+17 1.1979e+17 7.07583e+16 4.21872e+16 2.53976e+16 1.54422e+16 9.48328e+15 5.88167e+15 8.95422e+20
8 1 0 0 0 1.48096e+20 1.3166e+20 1.11821e+20 9.4982e+19 7.69186e+19 6.49625e+19 5.42075e+19 4.47228e+19 3.67964e+19 2.94909e+19 2.34113e+19 1.85277e+19 1.4148e+19 1.08095e+19 8.42999e+18 6.60916e+18 4.93956e+18 3.89668e+18 2.86039e+18 2.05777e+18 1.56988e+18 1.16905e+18 8.18896e+17 5.23219e+17 3.33965e+17 2.03933e+17 1.19458e+17 7.05965e+16 4.21119e+16 2.53652e+16 1.54304e+16 9.48087e+15 5.88308e+15 8.94256e+20
8 1 0 0 0 1.48423e+20 1.31944e+20 1.12067e+20 9.51945e+19 7.70864e+19 6.51102e+19 5.43275e+19 4.48124e+19 3.68705e+19 2.95496e+19 2.3455e+19 1.85633e+19 1.41727e+19 1.08273e+19 8.44243e+18 6.61877e+18 4.94659e+18 3.90221e+18 2.86361e+18 2.05949e+18 1.57132e+18 1.17011e+18 8.19556e+17 5.23648e+17 3.342e+17 2.0397e+17 1.19535e+17 7.06763e+16 4.21806e+16 2.54196e+16 1.54714e+16 9.51085e+15 5.90459e+15 8.96148e+20
8 1 0 0 0 1.40911e+20 1.25261e+20 1.06394e+20 9.0379e+19 7.31823e+19 6.18179e+19 5.1577e+19 4.25346e+19 3.49966e+19 2.80469e+19 2.22593e+19 1.76179e+19 1.34485e+19 1.02729e+19 8.00879e+18 6.27865e+18 4.69225e+18 3.70156e+18 2.71558e+18 1.95244e+18 1.48976e+18 1.10936e+18 7.76923e+17 4.96406e+17 3.16775e+17 1.93231e+17 1.1329e+17 6.70143e+16 4.00138e+16 2.41254e+16 1.46908e+16 9.03532e+15 5.61199e+15 8.50704e+20
8 1 0 0 0 1.36602e+20 1.21426e+20 1.0314e+20 8.7618e+19 7.09417e+19 5.99304e+19 4.99989e+19 4.12238e+19 3.39184e+19 2.7182e+19 2.15697e+19 1.70731e+19 1.30301e+19 9.95224e+18 7.75742e+18 6.08147e+18 4.54473e+18 3.58521e+18 2.62941e+18 1.88992e+18 1.44218e+18 1.07391e+18 7.52015e+17 4.80497e+17 3.06582e+17 1.86906e+17 1.09632e+17 6.48818e+16 3.876e+16 2.33814e+16 1.42451e+16 8.76571e+15 5.44727e+15 8.24602e+20
8 1 0 0 0 1.47624e+20 1.31218e+20 1.11463e+20 9.46924e+19 7.66676e+19 6.47732e+19 5.40369e+19 4.45453e+19 3.66519e+19 2.93723e+19 2.33057e+19 1.84482e+19 1.40776e+19 1.07514e+19 8.37915e+18 6.56873e+18 4.90879e+18 3.87232e+18 2.83924e+18 2.04024e+18 1.557e+18 1.15941e+18 8.11818e+17 5.18727e+17 3.30942e+17 2.01675e+17 1.1835e+17 7.0075e+16 4.1883e+16 2.52778e+16 1.5408e+16 9.48584e+15 5.89747e+15 8.91102e+20
8 1 0 0 0 1.47269e+20 1.30898e+20 1.11195e+20 9.4468e+19 7.64826e+19 6.46222e+19 5.39078e+19 4.44307e+19 3.6558e+19 2.92963e+19 2.32429e+19 1.83995e+19 1.40382e+19 1.07203e+19 8.35367e+18 6.5486e+18 4.89362e+18 3.86029e+18 2.82969e+18 2.03283e+18 1.55145e+18 1.15526e+18 8.08844e+17 5.16827e+17 3.29696e+17 2.00824e+17 1.17899e+17 6.98382e+16 4.176e+16 2.52149e+16 1.53766e+16 9.4706e+15 5.89048e+15 8.88895e+20
8 1 0 0 0 1.47303e+20 1.30923e+20 1.11221e+20 9.44935e+19 7.64996e+19 6.46422e+19 5.39212e+19 4.44331e+19 3.65602e+19 2.92974e+19 2.32412e+19 1.8399e+19 1.40355e+19 1.07173e+19 8.34992e+18 6.5455e+18 4.89117e+18 3.8583e+18 2.82745e+18 2.03064e+18 1.5499e+18 1.15409e+18 8.07947e+17 5.16256e+17 3.29295e+17 2.0048e+17 1.1775e+17 6.97822e+16 4.17464e+16 2.52188e+16 1.53863e+16 9.48109e+15 5.89969e+15 8.89033e+20
8 1 0 0 0 1.46295e+20 1.30021e+20 1.10459e+20 9.38502e+19 7.59749e+19 6.42046e+19 5.3553e+19 4.41207e+19 3.63035e+19 2.9091e+19 2.30747e+19 1.82682e+19 1.39333e+19 1.06381e+19 8.28689e+18 6.49594e+18 4.854e+18 3.82892e+18 2.80512e+18 2.014e+18 1.53733e+18 1.14472e+18 8.01301e+17 5.12012e+17 3.2655e+17 1.98707e+17 1.16762e+17 6.92303e+16 4.14367e+16 2.50442e+16 1.52874e+16 9.42472e+15 5.86737e+15 8.82876e+20
8 1 0 0 0 1.477e+20 1.31263e+20 1.11518e+20 9.47537e+19 7.67026e+19 6.48255e+19 5.40683e+19 4.45368e+19 3.66462e+19 2.93649e+19 2.32893e+19 1.84391e+19 1.40614e+19 1.07349e+19 8.361e+18 6.55388e+18 4.89717e+18 3.86292e+18 2.82927e+18 2.03078e+18 1.55026e+18 1.15433e+18 8.07953e+17 5.16264e+17 3.29226e+17 2.0024e+17 1.17714e+17 6.98256e+16 4.18121e+16 2.52828e+16 1.54402e+16 9.52316e+15 5.93123e+15 8.91283e+20
8 1 0 0 0 1.47134e+20 1.30753e+20 1.11088e+20 9.43914e+19 7.64058e+19 6.45806e+19 5.38616e+19 4.43585e+19 3.64998e+19 2.92469e+19 2.31933e+19 1.8364e+19 1.40019e+19 1.06885e+19 8.32366e+18 6.52446e+18 4.87507e+18 3.84543e+18 2.81574e+18 2.02053e+18 1.54254e+18 1.14857e+18 8.0385e+17 5.13645e+17 3.27521e+17 1.99112e+17 1.17099e+17 6.94909e+16 4.163e+16 2.51839e+16 1.53866e+16 9.49419e+15 5.91564e+15 8.87791e+20
8 1 0 0 0 1.46629e+20 1.30298e+20 1.10706e+20 9.40695e+19 7.61415e+19 6.43634e+19 5.3678e+19 4.41989e+19 3.63687e+19 2.91412e+19 2.31069e+19 1.82965e+19 1.39482e+19 1.06465e+19 8.28963e+18 6.49763e+18 4.85489e+18 3.82945e+18 2.80329e+18 2.01103e+18 1.53541e+18 1.14324e+18 8.00045e+17 5.11215e+17 3.25936e+17 1.98053e+17 1.16527e+17 6.91825e+16 4.14645e+16 2.50954e+16 1.53396e+16 9.4695e+15 5.90283e+15 8.84675e+20
8 1 0 0 0 1.20632e+20 1.07191e+20 9.10761e+19 7.73922e+19 6.26398e+19 5.29548e+19 4.41616e+19 3.63566e+19 2.9916e+19 2.39702e+19 1.90048e+19 1.5049e+19 1.14708e+19 8.75472e+18 6.81568e+18 5.34219e+18 3.99147e+18 3.14836e+18 2.30413e+18 1.65251e+18 1.26177e+18 9.39477e+17 6.57397e+17 4.20065e+17 2.67795e+17 1.6265e+17 9.57355e+16 5.6862e+16 3.40945e+16 2.06437e+16 1.26238e+16 7.79619e+15 4.86169e+15 7.27766e+20
8 1 0 0 0 0 0 0 0 0 0 0 0 0 0 0 0 0 0 0 0 0 0 0 0 0 0 0 0 0 0 0 0 0 0 0 0 0 0
